000007 333 500 1 car 1 0 0.282 0.15 1.0 0.991 
000012 333 500 1 car 0 0 0.312 0.291 0.702 0.811 
000020 500 375 1 car 0 0 0.088 0.296 0.989 0.832 
000026 333 500 1 car 0 0 0.18 0.375 0.674 0.637 
000047 333 500 1 car 0 0 0.03 0.003 0.918 0.937 
000060 334 500 5 car 1 0 0.002 0.41 0.854 0.997 car 1 0 0.002 0.186 0.958 0.704 car 1 0 0.002 0.081 0.844 0.422 car 1 0 0.088 0.021 0.916 0.401 car 1 0 0.398 0.018 0.95 0.293 
000083 333 500 1 car 0 0 0.218 0.099 0.894 0.928 
000091 375 500 3 car 0 0 0.25 0.643 0.39 0.757 car 1 0 0.162 0.661 0.21 0.715 car 0 0 0.182 0.667 0.252 0.731 
000131 333 500 1 car 1 0 0.002 0.297 0.95 0.799 
000134 371 500 1 car 0 0 0.002 0.31 0.974 0.889 
000142 375 500 1 car 0 0 0.052 0.216 0.93 0.709 
000153 375 500 4 car 0 0 0.474 0.392 0.716 0.509 car 0 1 0.276 0.149 0.332 0.187 car 1 1 0.094 0.304 0.236 0.333 car 1 1 0.006 0.291 0.128 0.325 
000156 375 500 2 car 0 0 0.864 0.275 0.992 0.384 car 1 1 0.808 0.304 0.87 0.381 
000159 333 500 1 car 1 0 0.002 0.048 0.996 1.0 
000161 390 500 2 car 0 0 0.208 0.087 0.892 1.0 car 1 0 0.136 0.5 0.242 0.738 
000169 333 500 3 car 0 0 0.046 0.084 0.96 0.853 car 1 0 0.878 0.069 1.0 0.535 car 1 1 0.024 0.138 0.208 0.396 
000180 375 500 1 car 0 0 0.028 0.293 0.992 0.949 
000210 374 500 1 car 0 1 0.754 0.564 0.808 0.602 
000220 375 500 2 car 0 0 0.08 0.339 0.928 0.779 car 0 0 0.854 0.304 1.0 0.445 
000221 332 500 1 car 0 0 0.144 0.232 0.864 0.762 
000233 375 500 1 car 1 0 0.002 0.005 0.902 0.515 
000245 375 500 1 car 0 0 0.036 0.349 0.976 0.779 
000251 500 453 4 car 1 1 0.002 0.948 0.329 1.0 car 1 1 0.004 0.9 0.183 0.95 car 1 0 0.212 0.87 0.607 1.0 car 1 0 0.799 0.88 1.0 1.0 
000262 196 500 1 car 1 0 0.686 0.49 1.0 1.0 
000263 500 375 2 car 0 0 0.051 0.448 0.947 0.646 car 1 1 0.003 0.71 0.184 0.998 
000288 333 500 1 car 1 0 0.06 0.426 0.154 0.616 
000289 333 500 1 car 0 0 0.098 0.297 0.674 0.694 
000296 348 500 1 car 1 0 0.854 0.359 1.0 0.52 
000302 375 500 5 car 1 1 0.976 0.736 1.0 0.853 car 1 1 0.95 0.669 0.972 0.728 car 1 0 0.558 0.6 0.956 0.907 car 0 0 0.49 0.613 0.632 0.747 car 1 0 0.002 0.643 0.174 1.0 
000303 377 500 6 car 0 0 0.03 0.103 1.0 0.743 car 1 1 0.93 0.188 1.0 0.438 car 1 1 0.89 0.18 1.0 0.247 car 1 1 0.002 0.167 0.186 0.3 car 1 1 0.004 0.215 0.17 0.347 car 1 1 0.002 0.294 0.102 0.52 
000311 375 500 1 car 0 0 0.094 0.112 0.866 0.944 
000317 354 500 1 car 1 0 0.236 0.427 0.814 0.624 
000318 331 500 2 car 0 0 0.644 0.239 0.872 0.505 car 0 0 0.402 0.245 0.602 0.432 
000320 500 375 3 car 0 1 0.813 0.016 0.899 0.054 car 0 0 0.725 0.02 0.811 0.052 car 0 0 0.608 0.002 0.728 0.058 
000329 333 500 3 car 0 1 0.582 0.634 0.636 0.7 car 0 0 0.438 0.661 0.482 0.712 car 0 1 0.518 0.637 0.548 0.673 
000334 302 500 1 car 0 0 0.074 0.364 0.546 0.589 
000338 333 500 1 car 0 0 0.164 0.219 0.768 0.61 
000343 375 500 1 car 0 0 0.05 0.197 0.978 0.861 
000355 333 500 1 car 0 0 0.044 0.108 0.854 0.88 
000367 375 500 2 car 1 0 0.86 0.491 1.0 0.611 car 1 1 0.004 0.68 1.0 1.0 
000373 500 333 1 car 0 0 0.057 0.686 0.958 0.906 
000387 333 500 1 car 1 0 0.01 0.054 0.964 0.766 
000396 375 500 1 car 0 0 0.172 0.453 0.706 0.691 
000404 333 500 1 car 0 0 0.266 0.267 0.788 0.964 
000406 375 500 2 car 1 0 0.108 0.76 0.228 0.835 car 1 1 0.852 0.779 0.916 0.84 
000420 375 500 1 car 0 0 0.156 0.077 0.95 0.925 
000431 375 500 1 car 0 0 0.17 0.843 0.25 0.907 
000461 333 500 1 car 0 0 0.018 0.3 0.646 0.694 
000463 175 500 1 car 1 1 0.964 0.24 1.0 0.417 
000469 375 500 1 car 0 0 0.032 0.075 0.908 0.84 
000474 375 500 1 car 0 0 0.106 0.419 0.896 0.957 
000477 333 500 1 car 1 1 0.126 0.396 0.158 0.462 
000494 500 375 1 car 0 0 0.003 0.116 0.984 0.916 
000509 375 500 1 car 0 0 0.002 0.005 0.936 1.0 
000515 375 500 2 car 0 0 0.128 0.437 0.302 0.56 car 1 0 0.294 0.445 0.372 0.533 
000522 375 500 1 car 0 0 0.072 0.341 0.868 0.723 
000541 333 500 7 car 1 1 0.226 0.586 0.3 0.64 car 1 1 0.448 0.58 0.536 0.625 car 1 1 0.474 0.583 0.544 0.637 car 1 1 0.496 0.589 0.574 0.643 car 0 0 0.518 0.583 0.67 0.658 car 1 1 0.19 0.574 0.248 0.586 car 1 1 0.158 0.607 0.312 0.664 
000543 375 500 3 car 0 0 0.044 0.229 0.866 0.917 car 1 0 0.046 0.256 0.182 0.389 car 1 0 0.596 0.232 1.0 0.648 
000545 500 375 1 car 1 1 0.275 0.356 0.344 0.392 
000554 375 500 5 car 1 0 0.55 0.179 0.736 0.269 car 1 0 0.632 0.205 0.872 0.312 car 1 0 0.532 0.253 0.794 0.379 car 1 0 0.182 0.195 0.358 0.296 car 1 1 0.688 0.312 0.866 0.44 
000579 332 500 3 car 0 1 0.922 0.467 0.976 0.521 car 0 0 0.526 0.479 0.618 0.56 car 0 0 0.004 0.419 0.312 0.678 
000590 337 500 1 car 1 0 0.398 0.323 1.0 0.997 
000605 375 500 1 car 0 0 0.642 0.467 0.772 0.512 
000620 344 500 3 car 0 0 0.228 0.529 0.606 0.898 car 0 1 0.102 0.776 0.142 0.814 car 0 1 0.038 0.791 0.072 0.826 
000628 392 500 3 car 0 0 0.252 0.694 0.752 0.946 car 1 0 0.804 0.679 1.0 0.921 car 1 0 0.002 0.717 0.154 0.852 
000648 333 500 1 car 1 1 0.004 0.64 0.056 0.706 
000653 375 500 6 car 1 0 0.864 0.221 1.0 0.349 car 1 0 0.746 0.221 0.916 0.36 car 1 0 0.622 0.227 0.816 0.373 car 1 1 0.194 0.237 0.444 0.32 car 1 0 0.002 0.253 0.212 0.459 car 1 0 0.004 0.251 0.888 0.832 
000663 500 422 5 car 1 0 0.017 0.078 0.149 0.188 car 1 1 0.858 0.048 1.0 0.106 car 1 0 0.891 0.072 1.0 0.162 car 1 1 0.884 0.136 1.0 0.216 car 1 1 0.891 0.196 1.0 0.42 
000672 375 500 1 car 0 0 0.024 0.243 0.99 0.819 
000688 317 500 1 car 1 0 0.016 0.132 1.0 1.0 
000700 333 500 7 car 1 0 0.024 0.673 0.112 0.757 car 1 0 0.002 0.652 0.032 0.793 car 0 0 0.804 0.682 0.852 0.718 car 0 0 0.86 0.676 0.926 0.718 car 1 0 0.282 0.715 0.446 0.829 car 1 0 0.25 0.739 0.954 1.0 car 1 1 0.458 0.676 0.522 0.721 
000754 261 500 1 car 0 1 0.328 0.487 0.38 0.563 
000776 200 500 1 car 0 0 0.034 0.13 0.962 0.965 
000787 371 500 1 car 0 0 0.24 0.251 0.846 0.752 
000800 375 500 4 car 0 0 0.47 0.44 0.656 0.555 car 1 0 0.886 0.464 1.0 0.549 car 0 0 0.156 0.453 0.226 0.512 car 0 0 0.076 0.453 0.142 0.501 
000818 287 500 1 car 1 0 0.002 0.631 0.066 0.711 
000823 334 500 1 car 0 0 0.098 0.479 0.686 0.793 
000829 375 500 4 car 1 0 0.71 0.003 0.77 0.053 car 1 1 0.178 0.307 0.348 0.453 car 1 1 0.952 0.333 1.0 0.427 car 0 1 0.104 0.035 0.162 0.104 
000855 500 375 4 car 0 0 0.163 0.808 0.291 0.872 car 1 0 0.109 0.816 0.171 0.86 car 1 1 0.069 0.818 0.115 0.854 car 1 1 0.029 0.816 0.077 0.848 
000860 353 500 1 car 0 0 0.162 0.241 0.856 0.827 
000871 375 500 1 car 0 0 0.016 0.304 0.982 0.779 
000888 347 500 3 car 0 0 0.59 0.588 0.702 0.706 car 0 0 0.144 0.599 0.418 0.919 car 1 1 0.384 0.594 0.452 0.706 
000906 375 500 2 car 0 0 0.122 0.477 0.9 0.933 car 1 0 0.846 0.432 1.0 0.691 
000911 324 500 1 car 1 0 0.002 0.454 0.22 0.985 
000935 375 500 6 car 0 0 0.134 0.552 0.222 0.648 car 0 1 0.338 0.419 0.366 0.453 car 0 1 0.842 0.507 0.904 0.552 car 0 1 0.76 0.523 0.838 0.576 car 1 1 0.024 0.344 0.074 0.376 car 1 1 0.006 0.349 0.03 0.395 
000937 375 500 3 car 1 0 0.668 0.123 0.852 0.269 car 1 1 0.812 0.189 1.0 0.333 car 0 0 0.092 0.096 0.886 0.739 
000972 375 500 1 car 0 0 0.04 0.307 0.866 0.768 
000977 333 500 6 car 0 0 0.298 0.814 0.358 0.886 car 0 0 0.072 0.787 0.188 0.928 car 0 0 0.356 0.736 0.526 0.958 car 1 0 0.516 0.799 0.586 0.889 car 1 0 0.642 0.76 0.794 1.0 car 0 0 0.654 0.778 0.908 0.997 
000987 447 500 1 car 1 1 0.002 0.034 0.452 0.617 
001052 375 500 1 car 0 0 0.13 0.269 0.862 0.749 
001057 335 500 1 car 0 0 0.012 0.113 0.706 1.0 
001060 378 500 1 car 0 0 0.822 0.484 1.0 0.561 
001069 375 500 2 car 0 0 0.528 0.2 0.876 0.363 car 1 0 0.002 0.312 0.234 0.483 
001071 500 332 1 car 1 1 0.006 0.398 0.081 0.49 
001093 400 500 4 car 0 0 0.104 0.138 0.958 0.927 car 0 0 0.218 0.098 0.356 0.16 car 0 1 0.508 0.107 0.54 0.14 car 0 1 0.44 0.107 0.472 0.135 
001112 335 500 2 car 0 0 0.122 0.501 0.25 0.603 car 0 1 0.19 0.493 0.28 0.579 
001119 333 500 1 car 0 0 0.5 0.535 0.686 0.646 
001124 326 500 1 car 1 1 0.682 0.595 0.738 0.629 
001125 333 500 3 car 0 0 0.532 0.523 0.868 0.817 car 1 0 0.42 0.514 0.624 0.682 car 1 0 0.002 0.529 0.446 1.0 
001148 375 500 1 car 0 0 0.444 0.445 0.496 0.499 
001237 375 500 1 car 0 0 0.23 0.416 0.532 0.568 
001258 375 500 2 car 0 0 0.202 0.245 0.846 0.765 car 1 1 0.614 0.275 0.828 0.48 
001268 333 500 2 car 0 0 0.058 0.27 0.646 0.736 car 1 0 0.53 0.186 0.978 0.535 
001281 333 500 1 car 0 0 0.338 0.363 0.788 0.703 
001290 410 500 1 car 0 0 0.052 0.415 0.954 0.82 
001292 375 500 1 car 1 1 0.308 0.165 0.45 0.259 
001294 375 500 4 car 0 0 0.648 0.403 0.808 0.56 car 0 0 0.186 0.429 0.246 0.477 car 1 1 0.002 0.429 0.052 0.483 car 0 1 0.474 0.435 0.504 0.459 
001330 375 500 3 car 1 1 0.352 0.459 0.42 0.568 car 0 0 0.594 0.437 0.668 0.491 car 0 0 0.334 0.437 0.684 0.827 
001334 375 500 5 car 0 0 0.032 0.187 0.978 0.768 car 1 1 0.944 0.277 1.0 0.333 car 0 0 0.008 0.259 0.136 0.317 car 1 1 0.086 0.256 0.192 0.307 car 1 1 0.204 0.253 0.264 0.331 
001352 276 500 1 car 1 0 0.098 0.489 0.484 0.754 
001360 326 500 1 car 0 0 0.014 0.279 0.896 0.834 
001364 333 500 1 car 0 0 0.138 0.129 0.81 0.871 
001371 375 500 5 car 0 0 0.374 0.571 0.494 0.699 car 0 0 0.518 0.581 0.576 0.648 car 0 0 0.582 0.576 0.72 0.699 car 1 1 0.702 0.568 0.736 0.653 car 1 1 0.12 0.576 0.21 0.624 
001384 375 500 5 car 0 0 0.18 0.373 0.668 0.864 car 0 0 0.66 0.048 0.9 0.285 car 0 0 0.518 0.237 0.666 0.379 car 1 1 0.798 0.008 0.928 0.099 car 1 1 0.16 0.653 0.22 0.733 
001385 332 500 2 car 0 0 0.208 0.47 0.358 0.569 car 1 0 0.092 0.473 0.178 0.566 
001386 375 500 4 car 1 1 0.638 0.237 0.696 0.277 car 0 1 0.554 0.219 0.61 0.275 car 1 0 0.926 0.211 0.994 0.275 car 1 0 0.968 0.24 1.0 0.301 
001409 333 500 1 car 0 0 0.452 0.222 0.928 0.721 
001414 375 500 1 car 0 0 0.08 0.171 0.916 0.835 
001432 375 500 1 car 1 0 0.004 0.005 0.998 1.0 
001445 375 500 3 car 1 0 0.16 0.453 0.232 0.549 car 1 1 0.158 0.432 0.194 0.456 car 1 0 0.002 0.544 0.44 0.901 
001455 374 500 1 car 1 0 0.83 0.238 1.0 0.337 
001466 333 500 1 car 0 0 0.004 0.342 0.904 0.793 
001472 375 500 9 car 0 0 0.15 0.272 0.816 0.931 car 1 0 0.534 0.237 1.0 0.661 car 1 0 0.116 0.195 0.21 0.315 car 1 0 0.244 0.203 0.358 0.285 car 1 0 0.38 0.2 0.506 0.285 car 1 0 0.498 0.208 0.624 0.275 car 1 1 0.616 0.211 0.688 0.256 car 1 1 0.586 0.189 0.654 0.219 car 1 1 0.002 0.195 0.052 0.32 
001488 333 500 1 car 0 0 0.508 0.456 0.77 0.613 
001492 334 500 5 car 0 0 0.37 0.503 0.974 0.946 car 0 0 0.09 0.47 0.208 0.56 car 1 0 0.002 0.473 0.086 0.566 car 1 1 0.788 0.389 0.838 0.44 car 1 1 0.714 0.389 0.78 0.446 
001494 375 500 1 car 0 0 0.244 0.648 0.642 0.989 
001532 340 425 2 car 0 0 0.247 0.5 0.424 0.603 car 0 0 0.44 0.547 0.546 0.609 
001559 480 360 3 car 0 0 0.547 0.385 0.622 0.448 car 1 0 0.406 0.365 0.508 0.471 car 1 1 0.364 0.396 0.414 0.423 
001561 375 500 3 car 0 0 0.234 0.429 0.32 0.483 car 0 0 0.32 0.432 0.392 0.472 car 0 0 0.094 0.424 0.202 0.512 
001576 375 500 1 car 0 0 0.102 0.459 0.916 0.747 
001604 375 500 4 car 0 1 0.002 0.307 0.09 0.496 car 1 0 0.016 0.285 0.468 0.613 car 1 0 0.22 0.336 0.582 0.704 car 1 0 0.49 0.235 1.0 0.907 
001618 333 500 1 car 0 0 0.106 0.312 0.946 0.79 
001622 500 375 3 car 1 0 0.003 0.494 0.397 0.836 car 1 1 0.008 0.7 0.152 0.946 car 1 1 0.52 0.53 0.547 0.596 
001640 375 500 3 car 0 0 0.094 0.061 0.922 0.955 car 1 0 0.902 0.2 1.0 0.339 car 1 0 0.794 0.139 0.92 0.283 
001654 375 500 3 car 0 1 0.67 0.123 0.728 0.155 car 0 1 0.716 0.115 0.764 0.152 car 0 1 0.758 0.104 0.8 0.133 
001662 375 500 1 car 0 0 0.022 0.283 0.964 0.717 
001676 236 500 1 car 0 0 0.06 0.161 0.966 0.928 
001693 333 500 1 car 0 0 0.004 0.279 0.916 0.937 
001699 332 500 1 car 0 0 0.004 0.346 0.114 0.548 
001746 375 500 1 car 1 0 0.002 0.629 0.306 0.803 
001780 333 500 4 car 1 0 0.464 0.009 1.0 0.495 car 1 0 0.002 0.078 0.238 0.498 car 1 1 0.002 0.003 0.32 0.183 car 1 1 0.51 0.003 0.714 0.087 
001801 375 500 4 car 1 0 0.002 0.435 0.12 0.584 car 1 1 0.08 0.424 0.13 0.475 car 0 0 0.638 0.464 0.87 0.611 car 1 0 0.002 0.549 0.086 0.973 
001821 375 500 2 car 0 0 0.184 0.333 0.724 0.661 car 0 1 0.01 0.16 0.106 0.301 
001845 375 500 2 car 0 0 0.054 0.472 0.46 0.915 car 1 0 0.006 0.517 0.074 0.709 
001862 375 500 2 car 1 0 0.49 0.088 0.582 0.173 car 0 0 0.114 0.163 0.872 1.0 
001877 333 500 1 car 0 0 0.002 0.159 0.996 0.925 
001881 375 500 4 car 0 0 0.124 0.205 0.912 0.952 car 1 0 0.002 0.205 0.234 0.541 car 1 1 0.238 0.2 0.396 0.32 car 0 0 0.762 0.203 0.99 0.32 
001899 332 500 11 car 0 0 0.794 0.587 0.956 0.732 car 0 0 0.596 0.587 0.67 0.684 car 1 1 0.556 0.623 0.598 0.681 car 0 1 0.454 0.627 0.496 0.678 car 0 0 0.216 0.639 0.294 0.717 car 0 1 0.306 0.627 0.342 0.675 car 0 0 0.044 0.63 0.096 0.681 car 0 1 0.11 0.639 0.148 0.678 car 0 1 0.152 0.611 0.206 0.675 car 0 1 0.496 0.623 0.528 0.669 car 0 1 0.526 0.623 0.55 0.66 
001902 375 500 3 car 1 0 0.682 0.552 1.0 1.0 car 0 0 0.392 0.597 0.466 0.669 car 1 1 0.352 0.597 0.392 0.643 
001931 333 500 1 car 0 0 0.088 0.342 0.978 0.865 
001937 500 375 1 car 0 0 0.029 0.422 0.885 0.866 
001944 375 500 3 car 0 0 0.064 0.152 0.928 0.976 car 1 0 0.546 0.163 1.0 0.736 car 1 1 0.876 0.205 1.0 0.296 
001950 375 500 1 car 1 1 0.004 0.955 0.2 1.0 
001954 375 500 4 car 1 0 0.036 0.144 0.332 0.517 car 1 0 0.002 0.099 0.164 0.992 car 0 0 0.236 0.317 0.674 0.669 car 1 1 0.75 0.432 1.0 1.0 
001962 333 500 1 car 0 1 0.73 0.664 0.776 0.745 
001980 375 500 2 car 1 1 0.256 0.125 1.0 0.677 car 1 0 0.034 0.483 0.27 0.712 
002019 333 500 1 car 1 0 0.086 0.246 1.0 0.895 
002023 362 500 1 car 0 0 0.054 0.13 0.966 0.829 
002045 379 500 3 car 0 0 0.048 0.113 0.95 0.884 car 1 0 0.724 0.211 1.0 0.446 car 1 1 0.002 0.296 0.12 0.443 
002056 500 375 1 car 1 0 0.883 0.52 1.0 0.762 
002116 375 500 1 car 0 0 0.354 0.109 0.516 0.192 
002125 375 500 1 car 0 0 0.116 0.411 0.934 0.827 
002134 375 500 1 car 0 0 0.002 0.163 0.968 0.912 
002135 500 375 7 car 1 0 0.003 0.264 0.08 0.342 car 0 0 0.069 0.262 0.184 0.32 car 0 0 0.155 0.25 0.293 0.314 car 0 0 0.688 0.236 0.76 0.28 car 0 0 0.581 0.252 0.707 0.32 car 0 0 0.709 0.256 0.968 0.406 car 1 0 0.885 0.278 1.0 0.482 
002153 375 500 1 car 0 0 0.166 0.443 0.75 0.776 
002170 375 500 2 car 0 0 0.296 0.696 0.758 0.917 car 1 0 0.756 0.656 1.0 0.843 
002174 333 500 3 car 0 0 0.038 0.18 0.992 0.907 car 1 0 0.902 0.267 1.0 0.559 car 1 1 0.732 0.336 0.916 0.426 
002178 375 500 1 car 0 0 0.2 0.363 0.92 0.853 
002180 375 500 2 car 1 0 0.016 0.549 0.2 0.709 car 1 0 0.002 0.547 0.094 0.736 
002182 333 500 1 car 0 0 0.03 0.363 0.876 0.757 
002197 375 500 2 car 0 0 0.002 0.309 0.66 0.896 car 0 0 0.67 0.349 1.0 0.557 
002228 375 500 1 car 0 1 0.114 0.52 0.148 0.552 
002241 379 500 3 car 1 0 0.008 0.454 0.3 0.731 car 1 1 0.02 0.446 0.256 0.533 car 1 0 0.278 0.499 0.436 0.718 
002244 333 500 6 car 0 0 0.634 0.646 0.93 0.877 car 0 0 0.214 0.682 0.29 0.778 car 0 0 0.288 0.7 0.402 0.799 car 0 1 0.144 0.694 0.226 0.763 car 0 1 0.4 0.682 0.548 0.79 car 1 1 0.004 0.649 0.05 0.811 
002247 500 375 1 car 0 0 0.024 0.518 1.0 0.902 
002248 375 500 1 car 1 0 0.13 0.005 1.0 0.803 
002281 238 500 1 car 0 0 0.002 0.126 0.774 0.895 
002291 433 500 1 car 1 0 0.25 0.231 0.844 0.778 
002307 333 500 1 car 0 0 0.386 0.357 0.972 0.778 
002311 375 500 2 car 0 0 0.002 0.152 0.998 0.947 car 1 1 0.81 0.576 1.0 1.0 
002340 375 500 2 car 0 0 0.2 0.363 0.768 0.757 car 0 0 0.214 0.309 0.304 0.36 
002343 375 500 3 car 1 0 0.588 0.237 0.75 0.333 car 0 0 0.426 0.208 0.52 0.261 car 1 0 0.004 0.275 1.0 0.917 
002355 375 500 2 car 1 1 0.002 0.376 0.068 0.613 car 0 0 0.036 0.365 0.976 0.837 
002373 332 500 2 car 0 0 0.094 0.054 0.814 0.961 car 1 0 0.568 0.003 0.678 0.03 
002374 332 500 1 car 1 1 0.13 0.602 0.246 0.708 
002393 334 500 5 car 1 0 0.112 0.12 0.324 0.254 car 1 0 0.272 0.099 0.604 0.308 car 1 1 0.832 0.09 0.954 0.159 car 1 0 0.898 0.105 1.0 0.275 car 0 0 0.222 0.147 1.0 0.961 
002411 375 500 1 car 0 0 0.258 0.435 0.6 0.691 
002420 333 500 1 car 0 0 0.162 0.144 0.95 0.754 
002436 375 500 2 car 0 0 0.132 0.421 0.434 0.56 car 1 0 0.904 0.397 1.0 0.531 
002439 375 500 3 car 0 1 0.176 0.427 0.222 0.472 car 0 1 0.128 0.427 0.168 0.472 car 0 1 0.08 0.435 0.12 0.472 
002454 334 500 1 car 0 0 0.2 0.219 0.526 0.599 
002478 375 500 1 car 0 0 0.56 0.667 0.966 0.893 
002490 375 500 3 car 1 0 0.278 0.552 0.376 0.765 car 1 0 0.336 0.557 0.444 0.709 car 1 1 0.422 0.549 0.486 0.68 
002493 375 500 1 car 1 0 0.054 0.541 0.628 1.0 
002497 375 500 1 car 0 0 0.386 0.424 0.786 0.747 
002504 374 500 11 car 0 0 0.544 0.853 0.64 0.93 car 0 0 0.742 0.832 0.796 0.882 car 0 0 0.846 0.837 0.928 0.896 car 1 0 0.918 0.837 0.992 0.893 car 0 1 0.838 0.799 0.88 0.853 car 1 0 0.636 0.829 0.694 0.901 car 0 1 0.576 0.807 0.612 0.85 car 0 1 0.434 0.856 0.504 0.922 car 0 1 0.35 0.818 0.404 0.88 car 0 0 0.196 0.829 0.278 0.874 car 0 1 0.172 0.789 0.222 0.834 
002533 375 500 2 car 0 0 0.074 0.109 0.862 0.949 car 1 0 0.602 0.323 1.0 0.723 
002534 333 500 2 car 0 0 0.694 0.468 0.772 0.556 car 0 0 0.452 0.471 0.562 0.592 
002544 375 500 5 car 0 0 0.162 0.317 0.844 0.739 car 0 0 0.33 0.192 0.518 0.304 car 1 0 0.492 0.2 0.624 0.296 car 1 0 0.6 0.2 0.728 0.285 car 1 0 0.572 0.163 0.724 0.259 
002559 375 500 1 car 0 0 0.206 0.171 0.906 0.781 
002563 334 500 1 car 0 0 0.744 0.74 0.842 0.841 
002566 375 500 3 car 0 0 0.068 0.483 0.208 0.552 car 0 1 0.85 0.44 0.886 0.48 car 0 1 0.31 0.464 0.406 0.501 
002584 500 304 1 car 1 1 0.003 0.498 0.579 0.692 
002595 375 500 1 car 0 0 0.136 0.307 0.884 0.624 
002606 335 500 5 car 1 0 0.702 0.585 0.864 0.681 car 0 0 0.504 0.579 0.738 0.71 car 1 0 0.386 0.585 0.504 0.719 car 1 1 0.002 0.618 0.08 0.782 car 1 1 0.498 0.576 0.586 0.636 
002625 375 500 2 car 0 0 0.228 0.792 0.318 0.837 car 0 0 0.084 0.784 0.176 0.835 
002643 375 500 1 car 1 0 0.002 0.136 0.178 0.405 
002646 375 500 1 car 0 0 0.036 0.275 0.974 0.861 
002647 333 500 1 car 0 0 0.442 0.523 0.612 0.637 
002666 500 334 1 car 1 1 0.88 0.464 1.0 0.702 
002667 333 500 1 car 0 0 0.01 0.228 1.0 1.0 
002682 375 500 1 car 0 0 0.336 0.403 0.66 0.744 
002691 375 500 1 car 1 1 0.002 0.077 0.194 0.243 
002693 335 500 2 car 0 0 0.288 0.397 0.794 0.961 car 0 0 0.002 0.37 0.37 0.624 
002704 500 334 2 car 1 0 0.036 0.194 0.994 1.0 car 1 0 0.317 0.166 0.889 0.332 
002730 333 500 1 car 0 0 0.372 0.264 0.77 0.883 
002734 374 500 2 car 1 0 0.898 0.12 1.0 0.251 car 0 0 0.638 0.12 0.84 0.246 
002759 374 500 2 car 1 0 0.684 0.241 1.0 0.468 car 1 0 0.512 0.251 0.744 0.409 
002772 375 500 1 car 0 0 0.064 0.389 0.872 0.728 
002776 332 500 3 car 1 1 0.788 0.593 0.854 0.687 car 1 1 0.844 0.581 0.888 0.666 car 0 0 0.478 0.657 0.604 0.753 
002779 331 500 2 car 0 0 0.064 0.399 0.458 0.707 car 0 0 0.568 0.381 0.88 0.734 
002783 375 500 1 car 1 1 0.67 0.84 0.714 0.899 
002804 375 500 4 car 1 0 0.942 0.397 1.0 0.469 car 0 0 0.66 0.349 0.898 0.464 car 1 0 0.102 0.349 0.242 0.411 car 1 0 0.002 0.36 0.092 0.416 
002812 375 500 2 car 0 0 0.472 0.528 0.732 0.693 car 1 1 0.002 0.528 0.026 0.6 
002833 333 500 1 car 0 0 0.126 0.123 0.996 0.991 
002854 333 500 1 car 1 0 0.006 0.526 1.0 0.994 
002884 333 500 1 car 0 0 0.306 0.132 0.716 0.691 
002917 375 500 4 car 1 1 0.828 0.243 1.0 0.509 car 0 0 0.146 0.237 0.944 0.835 car 1 0 0.096 0.256 0.326 0.379 car 1 1 0.016 0.291 0.086 0.368 
002937 333 500 2 car 0 0 0.144 0.171 0.738 0.895 car 1 0 0.566 0.129 1.0 0.538 
002994 375 500 2 car 0 0 0.328 0.747 0.618 0.901 car 1 0 0.134 0.752 0.294 0.875 
003007 332 500 1 car 1 0 0.058 0.006 1.0 0.892 
003009 494 500 1 car 0 0 0.27 0.595 0.772 0.735 
003013 375 500 1 car 0 0 0.17 0.312 0.864 0.776 
003027 318 480 1 car 0 0 0.273 0.292 0.719 0.648 
003032 375 500 2 car 1 0 0.264 0.675 0.352 0.816 car 1 0 0.002 0.64 0.286 0.883 
003051 333 500 1 car 0 0 0.06 0.246 0.566 0.622 
003053 333 500 1 car 0 0 0.916 0.631 0.982 0.712 
003054 375 500 1 car 1 0 0.796 0.379 0.918 0.493 
003057 500 375 1 car 1 0 0.008 0.242 0.384 0.448 
003083 500 375 1 car 1 0 0.917 0.91 1.0 0.96 
003092 334 500 1 car 0 0 0.308 0.138 0.88 0.74 
003094 333 500 1 car 1 0 0.038 0.09 1.0 0.778 
003103 226 361 1 car 0 0 0.091 0.283 0.909 0.823 
003117 333 500 1 car 0 0 0.304 0.156 0.878 0.931 
003165 355 323 1 car 0 0 0.13 0.146 0.845 0.848 
003176 500 375 1 car 0 0 0.371 0.32 0.765 0.622 
003195 333 500 1 car 1 0 0.654 0.682 0.948 0.808 
003214 375 500 7 car 0 0 0.46 0.381 0.992 0.587 car 1 1 0.412 0.403 0.69 0.576 car 1 1 0.334 0.429 0.504 0.563 car 1 1 0.274 0.435 0.426 0.56 car 1 1 0.212 0.437 0.368 0.56 car 1 1 0.166 0.445 0.312 0.555 car 1 1 0.136 0.48 0.25 0.552 
003228 333 500 1 car 0 0 0.61 0.312 0.788 0.55 
003231 500 375 1 car 1 0 0.101 0.54 0.445 0.732 
003240 500 374 3 car 1 0 0.492 0.282 1.0 0.556 car 1 0 0.003 0.824 0.348 1.0 car 1 0 0.011 0.002 0.388 0.062 
003243 375 500 2 car 0 0 0.306 0.52 0.446 0.605 car 0 0 0.728 0.533 0.852 0.613 
003256 375 500 1 car 0 0 0.314 0.229 0.654 0.411 
003261 375 500 1 car 0 0 0.436 0.475 0.478 0.528 
003271 375 500 1 car 0 0 0.082 0.208 0.934 0.869 
003285 281 500 3 car 0 0 0.054 0.42 0.386 0.922 car 1 0 0.462 0.466 0.66 0.577 car 1 0 0.498 0.491 0.852 0.673 
003313 333 500 1 car 1 0 0.362 0.318 0.852 0.622 
003331 333 500 5 car 0 0 0.322 0.42 0.626 0.679 car 1 0 0.876 0.402 1.0 0.538 car 1 0 0.202 0.435 0.38 0.544 car 1 0 0.56 0.417 0.702 0.514 car 1 0 0.844 0.363 0.96 0.459 
003344 333 500 11 car 0 0 0.278 0.399 0.83 0.832 car 1 0 0.232 0.351 0.352 0.462 car 1 0 0.426 0.27 0.514 0.309 car 0 0 0.49 0.267 0.582 0.309 car 0 0 0.582 0.267 0.676 0.321 car 1 1 0.646 0.267 0.716 0.321 car 1 1 0.682 0.27 0.772 0.321 car 0 1 0.76 0.258 0.874 0.336 car 1 0 0.81 0.27 0.902 0.333 car 0 0 0.872 0.261 0.986 0.345 car 1 0 0.946 0.267 1.0 0.348 
003355 335 500 3 car 1 0 0.004 0.006 0.648 0.722 car 1 0 0.658 0.006 1.0 0.4 car 1 0 0.44 0.158 0.972 0.522 
003359 382 500 2 car 0 0 0.044 0.081 0.852 0.955 car 1 0 0.684 0.097 1.0 0.599 
003363 500 334 2 car 1 0 0.006 0.466 0.94 0.958 car 1 0 0.898 0.518 1.0 0.582 
003379 333 500 1 car 0 0 0.136 0.342 0.818 0.64 
003390 375 500 2 car 0 0 0.294 0.309 0.806 0.907 car 1 1 0.124 0.264 0.224 0.541 
003397 375 500 1 car 0 0 0.03 0.448 0.516 0.856 
003406 375 500 1 car 1 0 0.004 0.011 1.0 0.997 
003420 375 500 8 car 0 0 0.05 0.576 0.242 0.709 car 0 0 0.222 0.584 0.406 0.704 car 1 0 0.356 0.584 0.54 0.699 car 1 0 0.484 0.595 0.666 0.693 car 1 0 0.586 0.603 0.76 0.696 car 1 0 0.702 0.613 0.858 0.696 car 1 1 0.788 0.613 0.934 0.696 car 1 1 0.866 0.616 0.984 0.688 
003461 333 500 12 car 0 0 0.016 0.622 0.36 0.826 car 1 0 0.002 0.829 0.326 1.0 car 1 0 0.412 0.622 0.568 1.0 car 1 0 0.564 0.616 0.774 1.0 car 0 0 0.816 0.48 0.986 0.964 car 0 0 0.79 0.054 0.952 0.489 car 0 0 0.624 0.138 0.778 0.61 car 1 0 0.63 0.003 0.748 0.138 car 0 0 0.474 0.003 0.612 0.369 car 1 0 0.16 0.003 0.448 0.189 car 0 0 0.128 0.078 0.462 0.411 car 0 0 0.02 0.129 0.142 0.372 
003484 333 500 1 car 0 0 0.098 0.195 0.982 0.97 
003551 375 500 4 car 0 0 0.064 0.299 0.864 0.776 car 1 0 0.002 0.283 0.434 0.517 car 1 0 0.596 0.264 0.716 0.315 car 1 0 0.678 0.277 0.836 0.355 
003555 375 500 1 car 1 0 0.876 0.643 1.0 0.803 
003587 361 500 1 car 1 1 0.002 0.474 0.116 0.529 
003596 375 500 3 car 0 0 0.156 0.285 0.858 0.811 car 0 0 0.466 0.192 0.572 0.256 car 1 1 0.618 0.211 0.692 0.256 
003606 375 500 2 car 0 0 0.056 0.085 0.984 1.0 car 1 0 0.552 0.203 1.0 0.749 
003608 375 500 1 car 0 0 0.172 0.171 0.886 0.76 
003634 281 500 2 car 0 0 0.536 0.363 0.942 0.765 car 0 0 0.092 0.374 0.4 0.694 
003636 375 500 9 car 0 0 0.566 0.725 0.688 0.867 car 1 1 0.37 0.707 0.474 0.821 car 1 0 0.316 0.728 0.434 0.845 car 0 0 0.014 0.757 0.542 0.989 car 1 1 0.008 0.851 0.246 1.0 car 0 0 0.604 0.659 0.71 0.824 car 0 0 0.564 0.635 0.756 0.739 car 1 0 0.712 0.619 0.812 0.683 car 1 1 0.71 0.643 0.782 0.699 
003655 500 375 1 car 1 0 0.005 0.102 0.973 1.0 
003703 375 500 1 car 0 0 0.25 0.408 0.714 0.675 
003711 396 500 1 car 1 0 0.264 0.702 0.332 0.831 
003713 375 500 8 car 0 0 0.352 0.613 0.456 0.736 car 0 1 0.312 0.621 0.348 0.667 car 1 0 0.004 0.579 0.15 0.917 car 1 0 0.566 0.624 0.648 0.68 car 1 0 0.744 0.589 0.992 0.765 car 0 0 0.63 0.576 0.74 0.68 car 0 1 0.496 0.624 0.534 0.661 car 0 0 0.16 0.544 0.28 0.723 
003721 333 500 1 car 0 0 0.03 0.309 0.888 0.745 
003790 375 500 1 car 0 0 0.108 0.307 0.924 0.717 
003798 389 500 1 car 0 0 0.408 0.465 0.784 0.725 
003806 282 500 2 car 1 0 0.852 0.301 1.0 0.585 car 0 0 0.17 0.096 0.866 0.926 
003809 333 500 1 car 0 0 0.214 0.384 0.97 0.823 
003820 375 500 1 car 1 0 0.002 0.008 1.0 1.0 
003824 500 333 1 car 1 0 0.003 0.086 0.997 0.51 
003835 375 500 2 car 0 0 0.352 0.741 0.578 0.885 car 0 0 0.014 0.736 0.09 0.8 
003885 500 375 1 car 0 0 0.416 0.746 0.592 0.85 
003891 500 332 2 car 1 0 0.009 0.628 0.997 1.0 car 1 0 0.015 0.568 1.0 0.79 
003936 330 500 1 car 0 0 0.068 0.612 0.38 0.785 
003954 333 500 3 car 0 0 0.012 0.354 0.27 0.541 car 0 0 0.318 0.444 0.556 0.652 car 0 0 0.312 0.682 0.632 0.973 
003971 375 500 1 car 0 0 0.052 0.333 0.958 0.728 
003973 375 500 1 car 1 0 0.408 0.757 0.712 0.907 
003974 380 500 1 car 1 1 0.852 0.35 1.0 0.832 
003987 500 333 2 car 1 0 0.006 0.758 0.841 0.998 car 1 1 0.871 0.698 1.0 0.948 
003997 322 500 1 car 0 0 0.342 0.342 0.894 0.814 
003998 375 500 1 car 1 0 0.024 0.16 1.0 0.819 
004011 333 500 1 car 0 0 0.174 0.291 0.83 0.802 
004019 375 500 5 car 0 0 0.788 0.843 0.948 0.96 car 0 0 0.168 0.861 0.32 0.955 car 0 0 0.04 0.856 0.17 0.941 car 1 1 0.002 0.851 0.058 0.925 car 1 0 0.948 0.864 1.0 0.947 
004073 375 500 2 car 1 0 0.806 0.555 0.93 0.624 car 1 1 0.852 0.549 0.936 0.605 
004087 375 500 1 car 0 0 0.002 0.077 0.824 1.0 
004089 334 500 2 car 0 0 0.42 0.365 0.924 0.895 car 0 0 0.038 0.174 0.532 0.602 
004091 375 500 1 car 1 0 0.002 0.381 0.394 1.0 
004108 333 500 1 car 0 0 0.01 0.381 0.986 0.982 
004136 375 500 7 car 1 0 0.894 0.096 1.0 0.243 car 0 0 0.684 0.069 0.788 0.131 car 0 0 0.41 0.048 0.562 0.157 car 0 0 0.166 0.051 0.264 0.104 car 1 1 0.1 0.056 0.172 0.096 car 0 0 0.04 0.051 0.086 0.093 car 1 0 0.622 0.077 0.688 0.117 
004145 375 500 2 car 1 1 0.974 0.483 1.0 0.837 car 1 0 0.338 0.435 0.448 0.595 
004186 375 500 6 car 0 0 0.562 0.104 0.728 0.224 car 0 0 0.702 0.029 0.824 0.12 car 0 0 0.732 0.077 0.884 0.197 car 1 1 0.884 0.085 1.0 0.248 car 1 1 0.47 0.04 0.582 0.123 car 1 0 0.592 0.005 0.702 0.067 
004203 385 500 4 car 1 0 0.326 0.096 0.568 0.392 car 1 0 0.54 0.161 0.64 0.299 car 1 1 0.618 0.161 0.676 0.244 car 1 0 0.002 0.005 0.406 1.0 
004228 294 500 3 car 0 0 0.084 0.241 0.858 0.891 car 1 1 0.002 0.15 0.106 0.48 car 1 0 0.08 0.19 0.244 0.296 
004231 354 500 1 car 0 0 0.064 0.319 0.53 0.525 
004242 375 500 1 car 1 0 0.006 0.035 0.948 0.997 
004244 375 500 3 car 1 0 0.684 0.2 1.0 0.36 car 1 0 0.09 0.216 0.95 0.525 car 1 0 0.194 0.48 1.0 0.995 
004284 263 500 2 car 0 0 0.2 0.449 0.424 0.703 car 0 0 0.502 0.395 0.778 0.692 
004295 375 500 1 car 0 0 0.072 0.029 0.906 0.936 
004303 281 500 4 car 0 0 0.82 0.459 0.964 0.548 car 0 0 0.59 0.463 0.82 0.601 car 0 0 0.778 0.452 0.87 0.516 car 1 1 0.702 0.441 0.76 0.491 
004304 375 500 1 car 0 0 0.346 0.317 0.86 0.805 
004329 375 500 3 car 1 0 0.88 0.469 0.97 0.565 car 0 0 0.7 0.355 0.878 0.608 car 1 0 0.396 0.483 0.59 0.688 
004346 375 500 3 car 0 0 0.006 0.667 0.784 0.869 car 1 0 0.716 0.68 0.906 0.816 car 1 0 0.876 0.691 1.0 0.859 
004365 374 500 2 car 0 0 0.114 0.209 0.968 0.754 car 1 1 0.714 0.278 1.0 0.567 
004367 375 500 1 car 1 0 0.218 0.136 1.0 1.0 
004384 375 500 1 car 1 0 0.308 0.291 1.0 1.0 
004386 333 500 1 car 0 0 0.038 0.237 0.768 0.994 
004387 375 500 1 car 1 1 0.298 0.872 0.362 0.955 
004429 374 500 1 car 0 0 0.022 0.316 0.992 0.898 
004439 334 500 4 car 0 0 0.652 0.749 0.876 0.919 car 0 0 0.394 0.766 0.602 0.892 car 0 0 0.262 0.772 0.358 0.853 car 1 0 0.87 0.763 1.0 0.847 
004481 411 500 1 car 0 0 0.084 0.406 0.93 0.915 
004488 375 500 3 car 0 0 0.404 0.643 0.526 0.725 car 0 0 0.542 0.643 0.638 0.712 car 0 1 0.648 0.637 0.736 0.712 
004494 332 500 3 car 0 0 0.11 0.145 0.894 0.937 car 1 0 0.004 0.048 0.234 0.208 car 1 1 0.02 0.009 0.156 0.072 
004519 375 500 1 car 0 0 0.184 0.293 0.816 0.643 
004526 375 500 1 car 0 0 0.208 0.197 0.872 0.637 
004539 375 500 7 car 1 0 0.008 0.715 0.328 0.997 car 0 0 0.084 0.648 0.25 0.752 car 1 0 0.69 0.675 1.0 0.995 car 1 0 0.842 0.629 1.0 0.701 car 0 0 0.536 0.64 0.616 0.717 car 0 1 0.564 0.595 0.632 0.699 car 0 1 0.516 0.613 0.54 0.645 
004544 334 500 1 car 1 1 0.928 0.488 0.998 0.602 
004563 333 500 3 car 0 0 0.116 0.658 0.27 0.802 car 0 0 0.31 0.679 0.39 0.727 car 0 0 0.73 0.634 0.834 0.694 
004576 333 500 2 car 0 0 0.06 0.192 0.882 0.736 car 1 0 0.77 0.204 0.994 0.411 
004581 333 500 2 car 1 1 0.98 0.523 1.0 0.748 car 0 0 0.03 0.282 0.954 0.835 
004591 333 500 2 car 1 0 0.614 0.799 1.0 1.0 car 1 0 0.652 0.742 1.0 0.922 
004604 375 500 1 car 1 0 0.004 0.139 0.344 0.501 
004618 500 375 1 car 0 0 0.688 0.734 0.896 0.848 
004660 375 500 2 car 1 0 0.002 0.344 0.08 0.435 car 1 0 0.006 0.237 0.998 0.941 
004687 375 500 1 car 1 0 0.884 0.267 1.0 0.429 
004691 375 500 2 car 1 0 0.066 0.003 0.142 0.053 car 1 1 0.004 0.003 0.08 0.056 
004705 330 500 1 car 1 0 0.002 0.624 0.208 0.818 
004719 333 500 1 car 1 0 0.706 0.45 1.0 0.787 
004727 500 500 2 car 1 0 0.072 0.43 0.172 0.516 car 1 0 0.002 0.41 0.112 0.532 
004747 375 500 1 car 1 0 0.002 0.123 0.944 0.936 
004748 375 500 2 car 1 0 0.752 0.824 0.844 0.885 car 1 0 0.692 0.869 0.81 0.952 
004750 331 500 1 car 1 0 0.604 0.003 1.0 0.332 
004779 375 500 1 car 0 0 0.228 0.541 0.568 0.776 
004786 375 500 1 car 0 0 0.054 0.32 1.0 0.837 
004793 375 500 1 car 0 0 0.056 0.352 0.59 0.992 
004805 333 500 3 car 1 0 0.71 0.162 0.996 0.538 car 1 0 0.004 0.159 0.272 0.544 car 1 0 0.086 0.177 0.504 0.387 
004808 375 500 1 car 0 0 0.228 0.432 0.846 0.728 
004823 375 500 1 car 0 0 0.002 0.213 0.996 0.883 
004828 483 500 3 car 1 1 0.934 0.418 1.0 0.513 car 1 0 0.824 0.387 0.96 0.584 car 0 0 0.278 0.354 0.892 0.81 
004830 333 500 1 car 0 0 0.208 0.33 0.836 0.637 
004850 375 500 1 car 0 0 0.49 0.245 0.81 0.52 
004863 375 500 1 car 0 0 0.122 0.163 0.842 0.752 
004873 375 500 1 car 0 0 0.016 0.317 0.742 0.947 
004890 380 500 1 car 0 0 0.112 0.255 0.908 0.824 
004903 331 500 3 car 0 0 0.67 0.166 0.944 0.48 car 1 0 0.88 0.287 1.0 0.746 car 0 0 0.882 0.16 1.0 0.245 
004946 500 375 2 car 1 0 0.675 0.47 1.0 0.612 car 0 0 0.077 0.498 0.219 0.548 
004961 333 500 1 car 0 0 0.036 0.24 0.994 0.916 
004962 333 500 1 car 0 0 0.51 0.517 0.696 0.625 
004973 375 500 2 car 0 0 0.222 0.397 0.47 0.637 car 0 0 0.562 0.397 0.816 0.64 
004983 500 338 1 car 1 0 0.003 0.002 0.938 0.164 
005003 375 500 1 car 0 0 0.376 0.429 0.502 0.512 
005020 375 500 1 car 0 0 0.54 0.483 0.872 0.624 
005028 375 500 2 car 0 0 0.008 0.205 0.624 0.859 car 1 0 0.588 0.315 0.99 0.779 
005047 252 500 1 car 1 0 0.006 0.004 1.0 0.968 
005065 375 500 1 car 0 0 0.002 0.152 0.958 0.795 
005067 333 500 1 car 0 0 0.8 0.7 0.882 0.82 
005068 500 375 1 car 1 1 0.299 0.964 0.512 1.0 
005071 375 500 15 car 1 0 0.02 0.416 0.11 0.48 car 0 1 0.33 0.419 0.37 0.472 car 0 1 0.36 0.416 0.402 0.461 car 0 1 0.398 0.424 0.432 0.472 car 0 1 0.436 0.427 0.496 0.483 car 0 1 0.502 0.429 0.554 0.485 car 0 1 0.546 0.429 0.59 0.491 car 0 0 0.586 0.435 0.654 0.496 car 0 0 0.654 0.483 0.758 0.549 car 0 0 0.844 0.464 0.918 0.528 car 1 1 0.758 0.445 0.816 0.512 car 1 0 0.888 0.536 0.986 0.632 car 0 0 0.206 0.531 0.396 0.613 car 1 1 0.132 0.501 0.242 0.568 car 0 0 0.13 0.437 0.242 0.499 
005072 333 500 1 car 0 0 0.008 0.234 0.912 0.898 
005090 352 500 1 car 1 1 0.964 0.489 1.0 0.545 
005102 375 500 5 car 1 0 0.002 0.445 0.1 0.584 car 0 0 0.208 0.453 0.332 0.576 car 1 0 0.4 0.461 0.638 0.592 car 1 0 0.54 0.483 0.812 0.643 car 1 0 0.606 0.493 1.0 0.731 
005110 375 500 6 car 0 0 0.166 0.088 0.768 0.405 car 1 0 0.81 0.256 0.922 0.379 car 1 0 0.004 0.421 0.266 0.765 car 1 0 0.252 0.469 0.378 0.619 car 1 0 0.36 0.496 0.412 0.579 car 1 1 0.456 0.467 0.568 0.635 
005156 375 500 2 car 1 0 0.016 0.296 0.332 0.637 car 1 1 0.004 0.243 0.062 0.616 
005159 375 500 2 car 0 0 0.606 0.605 0.906 0.747 car 0 0 0.038 0.565 0.13 0.643 
005169 500 375 3 car 0 0 0.912 0.106 1.0 0.176 car 0 0 0.587 0.116 0.704 0.184 car 1 1 0.571 0.102 0.667 0.172 
005199 375 500 1 car 0 0 0.044 0.573 0.962 0.917 
005209 333 500 1 car 0 0 0.164 0.225 0.832 0.898 
005259 333 500 1 car 0 0 0.038 0.207 0.866 0.907 
005262 375 500 2 car 1 0 0.744 0.547 1.0 0.795 car 0 0 0.028 0.424 0.106 0.493 
005273 375 500 2 car 1 0 0.216 0.147 0.57 0.416 car 1 0 0.47 0.224 0.836 0.408 
005305 500 375 1 car 0 0 0.197 0.716 0.709 0.924 
005318 375 500 1 car 0 0 0.218 0.099 0.842 0.776 
005331 480 318 3 car 0 0 0.264 0.181 0.506 0.292 car 1 1 0.107 0.192 0.258 0.287 car 1 0 0.003 0.19 0.126 0.292 
005350 333 500 1 car 0 0 0.17 0.42 0.8 0.748 
005373 333 500 2 car 0 0 0.49 0.45 0.6 0.565 car 0 0 0.658 0.447 0.744 0.535 
005387 375 500 1 car 0 0 0.004 0.677 0.09 0.717 
005423 500 375 4 car 0 0 0.008 0.28 0.349 0.384 car 1 0 0.549 0.278 0.792 0.362 car 1 1 0.691 0.252 0.939 0.334 car 0 0 0.163 0.278 0.851 0.65 
005457 346 500 1 car 0 0 0.128 0.355 0.774 0.792 
005475 333 500 1 car 0 1 0.05 0.574 0.108 0.622 
005481 375 500 3 car 0 1 0.422 0.107 0.5 0.168 car 0 1 0.354 0.096 0.438 0.157 car 0 1 0.306 0.075 0.412 0.144 
005483 285 450 2 car 0 0 0.14 0.253 0.836 0.807 car 1 0 0.002 0.526 0.198 0.902 
005486 375 500 3 car 0 0 0.082 0.189 0.908 0.859 car 1 0 0.504 0.184 1.0 0.52 car 1 1 0.004 0.296 0.066 0.811 
005489 333 500 2 car 0 0 0.504 0.498 0.658 0.61 car 1 0 0.818 0.213 0.928 0.282 
005499 333 500 1 car 1 0 0.004 0.144 1.0 1.0 
005509 335 500 6 car 0 1 0.398 0.478 0.426 0.519 car 0 1 0.222 0.484 0.258 0.522 car 0 1 0.086 0.484 0.124 0.522 car 0 1 0.182 0.481 0.224 0.528 car 0 1 0.158 0.481 0.186 0.516 car 0 1 0.264 0.481 0.292 0.522 
005536 343 500 1 car 1 0 0.086 0.338 0.852 0.936 
005547 375 500 1 car 0 0 0.096 0.4 0.894 0.925 
005549 375 500 2 car 0 0 0.272 0.539 0.392 0.637 car 0 1 0.74 0.541 0.79 0.605 
005566 375 500 4 car 0 0 0.16 0.104 0.844 0.781 car 1 0 0.418 0.021 0.506 0.096 car 1 0 0.882 0.003 1.0 0.099 car 0 1 0.618 0.013 0.658 0.056 
005577 375 500 1 car 1 0 0.002 0.368 0.958 1.0 
005584 375 500 1 car 0 0 0.668 0.512 0.976 0.851 
005585 375 500 1 car 0 0 0.042 0.349 0.606 0.917 
005588 375 500 1 car 0 0 0.3 0.595 0.532 0.829 
005592 375 500 1 car 0 0 0.244 0.36 0.554 0.552 
005593 375 500 1 car 0 0 0.246 0.253 0.73 0.733 
005609 383 500 6 car 0 0 0.03 0.076 0.964 0.822 car 1 0 0.626 0.008 1.0 0.384 car 0 0 0.32 0.013 0.646 0.261 car 1 1 0.598 0.005 0.908 0.146 car 0 0 0.122 0.008 0.272 0.123 car 1 0 0.002 0.076 0.14 0.373 
005640 500 375 1 car 0 0 0.285 0.376 0.653 0.542 
005645 375 500 1 car 1 0 0.002 0.072 1.0 1.0 
005669 333 500 1 car 0 0 0.508 0.453 0.682 0.607 
005679 360 500 5 car 1 1 0.93 0.214 1.0 0.697 car 1 0 0.88 0.131 1.0 0.331 car 1 0 0.084 0.075 0.886 0.917 car 1 0 0.004 0.206 0.23 0.867 car 1 0 0.066 0.117 0.28 0.344 
005738 375 500 2 car 0 0 0.116 0.245 0.756 0.72 car 1 0 0.002 0.275 0.214 0.616 
005747 259 500 1 car 0 0 0.012 0.05 0.986 1.0 
005749 375 500 1 car 0 0 0.098 0.349 0.966 0.792 
005756 375 500 1 car 0 0 0.08 0.445 0.926 0.808 
005760 375 500 2 car 0 0 0.082 0.331 0.464 0.605 car 0 0 0.44 0.339 0.896 0.611 
005782 333 500 1 car 1 0 0.108 0.279 0.822 0.679 
005791 375 500 1 car 1 0 0.002 0.117 0.148 0.416 
005806 375 500 2 car 0 0 0.432 0.411 0.698 0.763 car 0 0 0.25 0.2 0.378 0.411 
005815 375 500 1 car 1 1 0.904 0.576 1.0 0.651 
005830 333 500 1 car 1 0 0.002 0.105 0.946 0.916 
005831 375 500 1 car 0 0 0.072 0.392 0.93 0.917 
005839 500 487 2 car 0 0 0.172 0.186 0.893 0.852 car 1 0 0.004 0.226 0.255 0.5 
005861 338 500 3 car 0 0 0.492 0.435 0.764 0.657 car 0 0 0.06 0.473 0.168 0.541 car 0 0 0.244 0.473 0.366 0.547 
005868 375 500 1 car 1 0 0.038 0.357 0.976 0.864 
005897 370 500 3 car 0 0 0.838 0.543 0.976 0.649 car 1 1 0.624 0.584 0.862 0.695 car 0 0 0.502 0.665 0.904 0.927 
005899 500 500 1 car 1 0 0.002 0.002 0.284 0.298 
005918 333 500 5 car 0 0 0.106 0.081 0.938 0.799 car 0 0 0.03 0.075 0.252 0.369 car 1 1 0.002 0.075 0.1 0.258 car 1 0 0.77 0.099 1.0 0.369 car 1 0 0.59 0.087 0.706 0.255 
005956 363 500 2 car 0 0 0.096 0.187 0.874 0.854 car 1 0 0.676 0.264 1.0 0.598 
005979 332 500 1 car 0 0 0.052 0.027 0.974 0.997 
005988 375 500 2 car 1 0 0.892 0.181 1.0 0.379 car 1 1 0.002 0.24 0.046 0.376 
005998 346 500 1 car 1 0 0.04 0.084 0.964 0.945 
006009 333 500 1 car 0 0 0.268 0.354 0.596 0.706 
006011 375 500 2 car 0 0 0.38 0.477 0.674 0.736 car 0 0 0.42 0.253 0.692 0.437 
006018 332 500 9 car 1 0 0.838 0.654 0.914 0.804 car 1 1 0.834 0.681 0.854 0.783 car 1 0 0.91 0.69 1.0 0.81 car 1 1 0.958 0.69 0.994 0.72 car 1 1 0.918 0.666 1.0 0.72 car 1 0 0.002 0.63 0.334 0.934 car 1 0 0.386 0.705 0.462 0.855 car 1 1 0.43 0.693 0.488 0.819 car 1 1 0.47 0.762 0.486 0.87 
006035 281 500 6 car 0 0 0.54 0.868 0.688 0.979 car 1 1 0.698 0.886 0.85 0.972 car 1 1 0.876 0.886 1.0 0.975 car 0 0 0.302 0.893 0.45 0.975 car 1 1 0.172 0.879 0.3 0.968 car 1 1 0.038 0.886 0.16 0.964 
006038 332 500 3 car 0 0 0.352 0.663 0.512 0.774 car 1 1 0.712 0.666 0.776 0.741 car 1 1 0.884 0.681 0.952 0.723 
006043 375 500 2 car 0 1 0.01 0.109 0.114 0.184 car 1 0 0.004 0.005 0.992 0.989 
006058 375 500 1 car 1 0 0.002 0.285 0.998 1.0 
006062 333 500 3 car 0 0 0.074 0.417 0.762 0.724 car 0 0 0.844 0.291 0.944 0.348 car 0 0 0.144 0.273 0.224 0.315 
006079 375 500 2 car 0 0 0.136 0.136 0.206 0.181 car 0 0 0.06 0.152 0.136 0.189 
006089 375 500 1 car 1 0 0.304 0.347 0.596 0.68 
006097 333 500 1 car 0 0 0.002 0.231 0.908 0.844 
006103 375 500 1 car 1 0 0.004 0.821 0.134 0.989 
006104 333 500 1 car 1 1 0.316 0.162 0.416 0.276 
006120 333 500 1 car 0 1 0.192 0.12 0.32 0.198 
006124 375 500 1 car 0 0 0.062 0.275 0.904 0.808 
006128 323 500 2 car 1 0 0.188 0.601 1.0 1.0 car 0 0 0.128 0.604 0.45 0.817 
006133 333 500 4 car 0 0 0.174 0.237 0.844 0.85 car 1 0 0.002 0.306 0.314 0.544 car 1 1 0.944 0.327 1.0 0.474 car 1 1 0.002 0.544 0.346 1.0 
006151 500 334 1 car 1 0 0.003 0.384 0.62 0.674 
006196 375 500 1 car 1 0 0.136 0.003 1.0 0.995 
006201 333 500 1 car 0 1 0.59 0.607 0.682 0.673 
006203 500 327 2 car 0 0 0.141 0.732 0.841 0.916 car 1 1 0.037 0.702 0.199 0.79 
006206 375 500 1 car 0 0 0.65 0.64 1.0 1.0 
006210 375 500 2 car 1 0 0.806 0.245 1.0 0.68 car 1 0 0.748 0.357 0.852 0.549 
006218 375 500 1 car 0 0 0.876 0.387 0.98 0.488 
006223 333 500 1 car 0 0 0.256 0.27 0.852 0.799 
006224 333 500 2 car 0 0 0.492 0.502 0.62 0.589 car 0 0 0.476 0.258 0.578 0.321 
006225 375 500 1 car 0 0 0.172 0.219 0.926 0.779 
006235 375 500 5 car 0 0 0.702 0.669 0.962 0.821 car 0 0 0.444 0.669 0.724 0.821 car 1 0 0.262 0.685 0.492 0.819 car 1 0 0.082 0.691 0.314 0.813 car 1 0 0.02 0.637 0.182 0.8 
006250 375 500 1 car 0 0 0.118 0.331 0.558 0.72 
006261 500 398 3 car 1 0 0.618 0.66 0.985 0.876 car 1 0 0.003 0.518 0.186 0.7 car 1 1 0.917 0.732 1.0 0.932 
006277 375 500 1 car 0 0 0.13 0.187 0.894 0.859 
006290 375 500 1 car 1 0 0.932 0.509 1.0 0.72 
006301 375 500 1 car 0 0 0.816 0.821 0.906 0.869 
006320 333 500 4 car 0 0 0.246 0.129 0.868 0.907 car 0 1 0.002 0.312 0.088 0.517 car 0 1 0.84 0.363 0.91 0.502 car 0 1 0.16 0.327 0.264 0.438 
006325 458 500 1 car 0 0 0.552 0.605 0.726 0.771 
006329 375 500 1 car 0 0 0.072 0.187 0.96 0.776 
006330 375 500 7 car 0 0 0.626 0.803 0.788 0.901 car 1 0 0.83 0.819 0.938 0.92 car 1 0 0.884 0.819 1.0 0.968 car 1 0 0.24 0.819 0.378 0.904 car 1 0 0.16 0.811 0.248 0.885 car 1 0 0.452 0.832 0.54 0.888 car 1 0 0.024 0.816 0.08 0.859 
006346 374 500 2 car 1 0 0.002 0.706 0.432 1.0 car 0 0 0.002 0.615 0.418 0.797 
006362 375 500 2 car 0 0 0.08 0.075 0.812 0.885 car 1 0 0.002 0.304 0.292 0.739 
006369 333 500 5 car 0 0 0.036 0.33 0.848 0.904 car 1 1 0.836 0.318 0.914 0.387 car 1 0 0.9 0.324 1.0 0.438 car 1 0 0.668 0.285 0.76 0.363 car 0 0 0.358 0.039 0.47 0.192 
006375 375 500 3 car 0 0 0.742 0.379 0.874 0.485 car 0 0 0.388 0.413 0.582 0.581 car 0 0 0.056 0.427 0.392 0.816 
006396 170 500 9 car 0 0 0.202 0.647 0.342 0.982 car 0 0 0.704 0.559 0.908 0.782 car 0 0 0.47 0.594 0.7 0.806 car 1 0 0.618 0.559 0.746 0.7 car 1 0 0.366 0.547 0.542 0.818 car 0 0 0.32 0.571 0.37 0.641 car 1 1 0.1 0.571 0.13 0.659 car 1 1 0.068 0.594 0.106 0.682 car 1 0 0.002 0.582 0.054 0.741 
006417 375 500 4 car 0 0 0.156 0.291 0.802 0.699 car 1 0 0.002 0.336 0.158 0.741 car 1 0 0.016 0.309 0.21 0.507 car 1 0 0.566 0.219 0.998 0.621 
006421 333 500 3 car 0 0 0.636 0.483 0.716 0.559 car 0 0 0.118 0.474 0.316 0.595 car 0 1 0.826 0.486 0.864 0.52 
006438 332 500 2 car 0 0 0.384 0.292 0.718 0.678 car 1 0 0.002 0.262 0.08 0.422 
006458 314 500 2 car 0 0 0.392 0.197 0.986 0.863 car 1 0 0.052 0.35 0.47 0.844 
006459 375 500 2 car 1 0 0.75 0.379 0.866 0.469 car 1 1 0.908 0.392 0.98 0.453 
006484 333 500 1 car 0 0 0.602 0.577 0.916 0.988 
006497 375 500 2 car 0 0 0.044 0.224 0.978 0.704 car 1 0 0.194 0.171 0.432 0.323 
006524 97 500 3 car 0 0 0.556 0.021 0.99 0.979 car 0 0 0.25 0.031 0.604 0.938 car 1 0 0.002 0.01 0.276 0.969 
006588 333 500 5 car 0 0 0.01 0.58 0.172 0.703 car 1 0 0.172 0.601 0.262 0.682 car 1 1 0.002 0.61 0.042 0.721 car 1 1 0.212 0.586 0.288 0.643 car 1 1 0.288 0.58 0.328 0.64 
006593 333 500 1 car 1 0 0.004 0.009 0.998 1.0 
006625 375 500 3 car 0 0 0.568 0.403 0.638 0.472 car 0 0 0.24 0.376 0.358 0.568 car 0 0 0.034 0.389 0.222 0.648 
006632 375 500 1 car 0 0 0.6 0.683 0.944 0.973 
006654 333 500 3 car 0 1 0.072 0.18 0.928 0.895 car 1 0 0.002 0.024 0.314 0.42 car 1 1 0.714 0.553 0.998 0.982 
006660 400 500 1 car 0 0 0.094 0.682 0.59 0.945 
006668 374 500 1 car 0 0 0.188 0.075 0.87 0.893 
006706 500 375 2 car 1 0 0.8 0.034 1.0 0.268 car 1 0 0.005 0.082 0.528 0.434 
006719 375 500 5 car 1 0 0.84 0.123 1.0 0.453 car 0 0 0.482 0.107 0.808 0.52 car 1 1 0.002 0.229 0.08 0.477 car 0 0 0.3 0.107 0.418 0.195 car 0 0 0.442 0.107 0.532 0.187 
006734 375 500 1 car 0 0 0.328 0.336 0.958 0.979 
006736 375 500 1 car 0 0 0.204 0.453 0.564 0.643 
006748 500 338 2 car 0 0 0.139 0.53 0.63 0.77 car 0 0 0.527 0.36 0.997 0.558 
006766 375 500 9 car 1 1 0.932 0.917 1.0 1.0 car 1 1 0.892 0.909 0.95 0.949 car 1 0 0.596 0.904 0.95 1.0 car 1 0 0.526 0.824 0.884 0.992 car 1 1 0.42 0.917 0.554 1.0 car 1 0 0.116 0.92 0.462 1.0 car 1 1 0.37 0.925 0.414 0.973 car 1 1 0.012 0.933 0.198 1.0 car 1 1 0.002 0.923 0.066 1.0 
006783 500 333 5 car 0 0 0.003 0.454 0.177 0.664 car 0 0 0.231 0.44 0.502 0.55 car 0 0 0.432 0.442 0.583 0.508 car 1 1 0.871 0.42 1.0 0.562 car 1 1 0.919 0.444 1.0 0.654 
006821 371 500 4 car 1 0 0.746 0.523 1.0 0.811 car 0 0 0.638 0.52 0.734 0.604 car 1 1 0.728 0.536 0.768 0.588 car 1 1 0.61 0.547 0.64 0.577 
006822 500 400 1 car 1 1 0.74 0.314 0.833 0.442 
006858 375 500 1 car 1 0 0.002 0.2 0.274 0.496 
006868 375 500 4 car 1 0 0.158 0.493 0.682 0.992 car 1 1 0.002 0.504 0.084 0.899 car 1 0 0.104 0.515 0.336 0.691 car 1 1 0.09 0.499 0.244 0.589 
006884 276 500 1 car 1 0 0.006 0.007 0.484 0.645 
006893 500 375 1 car 0 0 0.381 0.582 0.653 0.714 
006900 375 500 6 car 1 1 0.958 0.237 1.0 0.48 car 1 1 0.558 0.277 0.674 0.371 car 1 0 0.002 0.312 0.3 0.541 car 1 0 0.002 0.403 0.122 0.827 car 0 0 0.172 0.32 0.98 0.899 car 0 0 0.654 0.219 0.93 0.493 
006918 375 500 2 car 0 0 0.298 0.299 0.836 0.8 car 1 0 0.002 0.392 0.344 0.613 
006931 500 333 13 car 0 0 0.072 0.554 0.937 0.86 car 1 0 0.003 0.486 0.15 0.57 car 1 1 0.003 0.41 0.039 0.43 car 1 1 0.027 0.406 0.087 0.424 car 1 1 0.072 0.406 0.12 0.42 car 1 0 0.273 0.394 0.429 0.436 car 0 0 0.375 0.394 0.553 0.43 car 1 1 0.511 0.382 0.58 0.404 car 1 0 0.544 0.392 0.706 0.43 car 1 0 0.664 0.388 0.79 0.432 car 1 0 0.733 0.392 0.889 0.434 car 1 0 0.862 0.372 1.0 0.438 car 1 1 0.952 0.406 1.0 0.442 
006988 333 500 1 car 0 0 0.124 0.198 0.774 0.922 
007003 375 500 4 car 1 1 0.002 0.645 0.166 0.899 car 0 0 0.076 0.683 0.47 1.0 car 1 0 0.392 0.683 0.626 0.968 car 1 1 0.792 0.736 1.0 0.981 
007004 375 500 4 car 0 0 0.636 0.549 0.926 0.747 car 0 0 0.32 0.525 0.398 0.592 car 0 1 0.198 0.52 0.236 0.557 car 0 1 0.13 0.517 0.158 0.544 
007040 425 500 1 car 0 0 0.312 0.075 0.888 0.36 
007058 409 500 1 car 0 0 0.002 0.372 0.944 0.978 
007068 500 357 8 car 1 1 0.006 0.59 0.997 1.0 car 1 0 0.008 0.314 1.0 0.684 car 1 0 0.006 0.22 1.0 0.372 car 0 0 0.095 0.148 1.0 0.266 car 0 0 0.176 0.092 0.947 0.236 car 0 0 0.263 0.048 0.899 0.15 car 0 1 0.294 0.016 0.871 0.106 car 1 1 0.311 0.004 0.81 0.046 
007074 375 500 2 car 1 1 0.03 0.576 0.078 0.635 car 1 1 0.016 0.565 0.072 0.624 
007090 375 500 1 car 0 0 0.15 0.541 0.642 0.973 
007133 500 375 3 car 1 0 0.011 0.222 1.0 0.744 car 1 0 0.053 0.27 0.445 0.384 car 1 1 0.32 0.314 0.747 0.362 
007153 375 500 1 car 1 1 0.002 0.256 0.07 0.427 
007159 375 500 1 car 1 0 0.87 0.403 1.0 0.56 
007167 375 500 2 car 0 0 0.018 0.261 0.694 0.584 car 0 0 0.102 0.285 1.0 0.816 
007205 375 500 3 car 0 0 0.26 0.397 0.402 0.587 car 1 1 0.4 0.453 0.446 0.52 car 1 0 0.02 0.501 0.282 0.867 
007208 334 500 1 car 1 1 0.002 0.003 0.37 0.177 
007247 375 500 2 car 0 0 0.2 0.248 0.988 0.776 car 1 1 0.9 0.595 1.0 0.848 
007261 500 377 2 car 0 0 0.003 0.584 0.424 0.864 car 1 0 0.52 0.576 1.0 0.958 
007270 375 500 2 car 0 0 0.256 0.483 0.548 0.797 car 1 0 0.7 0.421 0.89 0.501 
007279 281 500 2 car 0 0 0.11 0.843 0.31 0.968 car 1 1 0.01 0.915 0.09 0.961 
007283 375 500 1 car 0 0 0.472 0.133 0.608 0.203 
007284 333 500 1 car 0 0 0.156 0.216 0.77 0.622 
007285 500 375 1 car 1 0 0.005 0.086 1.0 1.0 
007294 312 500 1 car 0 0 0.54 0.551 0.722 0.808 
007305 331 500 10 car 0 0 0.884 0.196 0.978 0.299 car 1 1 0.786 0.224 0.868 0.299 car 1 0 0.694 0.19 0.816 0.305 car 1 0 0.606 0.202 0.696 0.308 car 1 0 0.526 0.211 0.61 0.305 car 1 0 0.438 0.218 0.526 0.311 car 0 0 0.208 0.227 0.33 0.317 car 0 0 0.106 0.248 0.216 0.314 car 1 0 0.044 0.245 0.144 0.317 car 1 1 0.002 0.245 0.076 0.32 
007346 375 500 1 car 0 1 0.712 0.368 0.778 0.435 
007363 317 500 1 car 0 0 0.064 0.309 0.838 0.833 
007374 375 500 2 car 0 0 0.394 0.584 0.64 0.731 car 0 0 0.084 0.552 0.264 0.704 
007376 334 500 1 car 1 1 0.808 0.71 1.0 1.0 
007383 375 500 3 car 0 0 0.648 0.552 0.77 0.635 car 1 0 0.806 0.552 0.946 0.643 car 1 1 0.932 0.525 1.0 0.635 
007396 375 500 1 car 1 1 0.086 0.176 0.384 0.349 
007414 333 500 1 car 0 0 0.374 0.321 0.772 0.589 
007422 333 500 1 car 0 0 0.232 0.405 0.796 0.853 
007424 333 500 1 car 0 0 0.18 0.183 0.902 0.811 
007427 375 500 4 car 1 0 0.808 0.427 1.0 1.0 car 1 0 0.758 0.379 1.0 0.952 car 1 0 0.538 0.555 0.626 0.757 car 1 1 0.578 0.549 0.642 0.683 
007446 500 375 2 car 0 0 0.512 0.25 0.923 0.368 car 0 0 0.003 0.242 0.115 0.294 
007468 375 500 1 car 1 0 0.006 0.003 0.986 0.957 
007475 332 500 1 car 1 1 0.002 0.139 0.702 1.0 
007479 329 500 2 car 1 0 0.01 0.073 1.0 0.793 car 1 1 0.164 0.146 0.25 0.21 
007490 375 500 2 car 0 0 0.46 0.571 0.768 0.76 car 0 0 0.208 0.563 0.528 0.741 
007497 333 500 6 car 0 0 0.324 0.535 0.708 0.811 car 0 0 0.618 0.372 0.772 0.586 car 0 0 0.004 0.438 0.322 0.622 car 0 1 0.266 0.186 0.446 0.324 car 0 0 0.462 0.153 0.63 0.267 car 0 0 0.658 0.219 0.848 0.357 
007525 400 500 1 car 0 0 0.268 0.463 0.808 0.843 
007527 431 500 12 car 1 0 0.056 0.863 0.12 0.937 car 0 0 0.474 0.875 0.632 0.986 car 0 0 0.568 0.905 0.71 0.993 car 0 0 0.626 0.905 0.886 1.0 car 1 0 0.42 0.903 0.48 0.965 car 1 0 0.364 0.882 0.466 0.968 car 1 1 0.314 0.891 0.382 0.961 car 1 0 0.266 0.886 0.354 0.954 car 1 0 0.216 0.884 0.298 0.947 car 1 1 0.158 0.886 0.222 0.94 car 1 1 0.146 0.886 0.174 0.937 car 1 1 0.12 0.879 0.166 0.937 
007566 336 500 2 car 0 0 0.004 0.089 0.992 0.994 car 1 0 0.18 0.003 0.378 0.208 
007592 500 333 1 car 0 0 0.024 0.242 0.97 0.64 
007601 375 500 2 car 0 0 0.038 0.181 0.964 0.797 car 1 0 0.004 0.243 0.1 0.483 
007614 375 500 1 car 0 0 0.048 0.107 0.918 0.883 
007622 333 500 1 car 1 0 0.004 0.003 0.994 0.991 
007647 500 333 1 car 1 0 0.333 0.472 1.0 0.67 
007650 500 375 2 car 0 0 0.003 0.632 0.112 0.73 car 1 1 0.005 0.604 0.053 0.632 
007653 332 500 1 car 0 0 0.034 0.497 0.944 0.849 
007663 375 500 1 car 0 0 0.098 0.251 0.922 0.789 
007667 375 500 1 car 0 0 0.916 0.888 0.988 0.941 
007691 375 500 1 car 1 0 0.54 0.227 1.0 0.856 
007699 375 500 1 car 1 0 0.004 0.133 1.0 1.0 
007709 375 500 4 car 0 0 0.112 0.309 0.94 0.736 car 1 0 0.618 0.237 1.0 0.501 car 1 1 0.788 0.163 1.0 0.291 car 0 0 0.404 0.157 0.586 0.261 
007721 374 500 3 car 1 1 0.002 0.717 1.0 0.995 car 1 0 0.072 0.46 0.58 0.725 car 1 1 0.004 0.615 0.412 0.751 
007731 500 375 1 car 0 0 0.069 0.378 0.907 0.948 
007736 375 500 6 car 0 0 0.36 0.469 0.488 0.568 car 0 0 0.3 0.475 0.376 0.544 car 1 1 0.256 0.456 0.306 0.531 car 0 1 0.038 0.467 0.068 0.493 car 0 1 0.066 0.469 0.078 0.491 car 0 1 0.682 0.472 0.716 0.499 
007745 375 500 1 car 0 0 0.086 0.104 0.974 0.899 
007779 375 500 3 car 0 0 0.222 0.661 0.372 0.795 car 0 0 0.372 0.589 0.61 0.795 car 0 0 0.61 0.659 0.774 0.787 
007790 375 500 2 car 1 0 0.292 0.003 0.42 0.163 car 1 0 0.376 0.003 0.534 0.141 
007815 368 500 1 car 0 0 0.062 0.122 0.802 0.777 
007819 208 500 1 car 0 0 0.064 0.529 0.186 0.63 
007821 500 357 1 car 1 0 0.064 0.116 0.877 0.624 
007843 480 500 1 car 0 0 0.098 0.637 0.942 0.938 
007855 375 500 1 car 0 0 0.894 0.576 0.95 0.619 
007856 333 500 1 car 0 0 0.302 0.354 0.788 0.691 
007883 335 500 2 car 0 0 0.884 0.576 0.954 0.627 car 0 1 0.858 0.573 0.888 0.621 
007898 500 400 1 car 1 0 0.003 0.002 1.0 0.732 
007905 374 500 1 car 0 0 0.03 0.233 0.992 0.882 
007921 375 500 1 car 0 0 0.116 0.685 0.468 0.936 
007931 375 500 2 car 0 0 0.104 0.123 0.916 0.867 car 1 0 0.828 0.245 1.0 0.669 
007932 333 500 7 car 1 1 0.002 0.565 0.292 0.991 car 0 0 0.158 0.532 0.532 0.805 car 0 0 0.428 0.502 0.668 0.673 car 0 0 0.536 0.489 0.738 0.64 car 1 1 0.716 0.486 0.798 0.583 car 1 1 0.774 0.483 0.828 0.562 car 1 1 0.808 0.468 0.842 0.535 
007950 375 500 5 car 1 1 0.554 0.84 0.736 0.899 car 1 0 0.002 0.84 0.112 0.933 car 0 0 0.22 0.829 0.342 0.901 car 0 0 0.168 0.832 0.24 0.893 car 0 0 0.074 0.827 0.164 0.896 
007963 375 500 3 car 0 0 0.914 0.613 1.0 0.661 car 1 0 0.002 0.859 0.16 1.0 car 1 1 0.002 0.901 0.076 1.0 
007964 333 500 1 car 0 0 0.104 0.354 0.814 0.736 
007970 375 500 2 car 1 0 0.202 0.389 0.652 0.797 car 1 0 0.592 0.435 1.0 0.661 
007971 333 500 1 car 1 0 0.002 0.003 1.0 1.0 
008001 353 500 4 car 1 1 0.392 0.133 0.532 0.354 car 1 0 0.504 0.071 1.0 0.371 car 1 0 0.786 0.244 1.0 0.428 car 0 0 0.104 0.272 0.916 0.799 
008019 318 480 2 car 1 0 0.794 0.516 1.0 1.0 car 1 1 0.002 0.475 0.352 0.843 
008026 375 500 1 car 1 1 0.062 0.517 0.14 0.589 
008031 375 500 1 car 0 0 0.03 0.219 0.966 0.808 
008037 333 500 1 car 0 0 0.294 0.15 0.922 0.703 
008044 336 500 2 car 1 0 0.9 0.554 1.0 0.705 car 0 0 0.48 0.607 0.784 0.735 
008057 333 500 1 car 0 0 0.122 0.357 0.756 0.673 
008060 375 500 1 car 0 0 0.01 0.336 1.0 0.939 
008079 335 500 1 car 0 0 0.096 0.409 0.318 0.591 
008087 333 500 1 car 0 0 0.146 0.399 0.916 0.841 
008093 375 500 1 car 1 0 0.002 0.757 0.168 1.0 
008098 375 500 4 car 1 0 0.146 0.469 0.2 0.512 car 1 1 0.46 0.424 0.528 0.501 car 0 0 0.534 0.416 0.724 0.528 car 0 0 0.72 0.435 0.972 0.571 
008105 375 500 12 car 0 0 0.044 0.189 0.944 0.869 car 1 1 0.76 0.104 0.886 0.171 car 1 1 0.582 0.099 0.768 0.173 car 1 0 0.562 0.173 1.0 0.515 car 1 1 0.43 0.107 0.608 0.197 car 1 0 0.13 0.123 0.386 0.277 car 1 0 0.002 0.144 0.132 0.36 car 1 0 0.002 0.088 0.116 0.189 car 1 0 0.108 0.091 0.222 0.181 car 1 1 0.242 0.085 0.366 0.136 car 1 1 0.528 0.08 0.618 0.144 car 1 1 0.002 0.651 0.08 1.0 
008108 375 500 1 car 0 0 0.48 0.595 0.712 0.864 
008160 375 500 2 car 0 0 0.044 0.184 0.754 0.976 car 1 0 0.406 0.003 0.912 0.371 
008169 375 500 1 car 1 0 0.022 0.464 0.182 0.603 
008174 333 500 1 car 1 0 0.082 0.003 1.0 0.961 
008188 305 500 1 car 0 0 0.088 0.177 0.926 0.931 
008197 335 500 5 car 0 0 0.902 0.558 0.994 0.678 car 1 1 0.796 0.555 0.824 0.6 car 1 1 0.752 0.543 0.794 0.606 car 1 1 0.73 0.561 0.774 0.606 car 0 0 0.672 0.528 0.732 0.618 
008225 385 500 2 car 0 0 0.112 0.332 0.38 0.574 car 0 0 0.256 0.491 0.498 0.642 
008232 375 500 2 car 0 0 0.334 0.424 0.836 0.653 car 1 0 0.134 0.397 0.548 0.616 
008268 334 500 3 car 0 0 0.922 0.443 0.99 0.515 car 0 0 0.044 0.254 0.942 0.97 car 1 0 0.002 0.386 0.316 0.731 
008279 500 350 5 car 1 0 0.434 0.402 0.94 0.732 car 1 1 0.871 0.576 0.94 0.89 car 0 0 0.151 0.424 0.337 0.514 car 1 0 0.069 0.422 0.171 0.486 car 1 1 0.234 0.406 0.354 0.47 
008294 331 500 3 car 0 0 0.076 0.139 0.414 0.541 car 0 0 0.434 0.215 0.638 0.326 car 0 0 0.638 0.19 0.902 0.363 
008296 333 500 3 car 0 0 0.104 0.309 1.0 0.973 car 1 1 0.802 0.162 0.894 0.249 car 1 1 0.704 0.183 0.788 0.255 
008315 375 500 2 car 1 0 0.908 0.624 1.0 0.725 car 1 1 0.954 0.635 1.0 0.792 
008329 333 500 1 car 0 0 0.108 0.423 0.738 0.7 
008336 375 500 5 car 0 1 0.448 0.656 0.472 0.685 car 0 1 0.508 0.669 0.53 0.693 car 1 1 0.536 0.659 0.586 0.725 car 0 0 0.544 0.685 0.612 0.76 car 0 0 0.594 0.661 0.76 0.88 
008359 375 500 4 car 1 1 0.892 0.157 0.992 0.253 car 1 1 0.828 0.147 0.962 0.312 car 1 0 0.706 0.115 0.954 0.491 car 0 0 0.042 0.096 0.728 0.915 
008360 375 500 1 car 1 0 0.792 0.419 0.852 0.541 
008376 375 500 2 car 0 0 0.088 0.059 0.922 0.957 car 1 0 0.604 0.2 0.9 0.48 
008388 338 450 1 car 1 0 0.002 0.003 1.0 0.997 
008391 309 500 2 car 1 0 0.01 0.149 0.994 0.994 car 1 1 0.09 0.01 0.982 0.243 
008397 375 500 5 car 1 1 0.084 0.931 0.118 0.981 car 1 1 0.096 0.944 0.304 1.0 car 1 0 0.398 0.944 0.588 1.0 car 1 1 0.604 0.936 0.678 1.0 car 1 1 0.654 0.936 0.85 1.0 
008429 339 500 1 car 0 0 0.296 0.375 0.74 0.555 
008444 375 500 1 car 1 0 0.038 0.096 1.0 0.667 
008449 375 500 2 car 0 0 0.872 0.555 0.964 0.624 car 1 1 0.962 0.56 1.0 0.613 
008461 333 500 2 car 0 0 0.522 0.405 0.71 0.514 car 0 0 0.308 0.483 0.716 0.673 
008466 333 500 1 car 0 0 0.424 0.363 0.884 0.691 
008478 375 500 2 car 0 0 0.188 0.368 0.844 0.816 car 0 0 0.746 0.349 1.0 0.605 
008482 375 500 4 car 0 0 0.336 0.405 0.808 0.64 car 1 0 0.154 0.363 0.312 0.453 car 1 0 0.004 0.323 0.094 0.424 car 1 1 0.646 0.355 0.748 0.411 
008483 333 500 1 car 0 0 0.404 0.411 0.696 0.559 
008484 375 500 1 car 1 0 0.002 0.003 0.814 0.84 
008502 500 385 1 car 1 0 0.005 0.102 1.0 1.0 
008503 375 500 10 car 1 0 0.868 0.749 1.0 1.0 car 0 0 0.702 0.592 0.922 0.795 car 0 0 0.512 0.653 0.732 0.96 car 1 0 0.508 0.565 0.662 0.72 car 1 1 0.532 0.517 0.622 0.579 car 1 1 0.53 0.475 0.604 0.539 car 1 1 0.564 0.453 0.62 0.512 car 0 1 0.682 0.531 0.804 0.664 car 0 0 0.64 0.491 0.732 0.592 car 1 1 0.648 0.461 0.702 0.491 
008517 333 500 1 car 1 0 0.002 0.006 0.69 1.0 
008524 290 400 1 car 0 0 0.018 0.003 0.19 0.117 
008549 333 500 2 car 1 0 0.556 0.111 0.944 0.48 car 0 0 0.198 0.087 0.88 0.928 
008550 375 500 2 car 0 0 0.11 0.285 0.754 0.864 car 1 0 0.742 0.107 0.918 0.317 
008562 375 500 2 car 0 0 0.024 0.491 0.116 0.568 car 1 1 0.1 0.491 0.158 0.549 
008572 375 500 2 car 0 0 0.068 0.163 0.914 0.853 car 1 1 0.892 0.371 1.0 0.517 
008581 500 333 2 car 1 0 0.315 0.118 1.0 0.618 car 1 0 0.003 0.334 0.703 0.99 
008586 379 500 1 car 0 0 0.348 0.095 0.966 0.723 
008601 375 500 4 car 0 0 0.158 0.043 1.0 0.971 car 1 0 0.59 0.176 1.0 0.541 car 1 0 0.488 0.019 0.706 0.128 car 1 1 0.088 0.053 0.262 0.208 
008633 247 500 2 car 1 0 0.592 0.049 1.0 0.943 car 1 0 0.004 0.02 0.392 0.988 
008663 375 500 1 car 0 0 0.002 0.283 0.992 0.875 
008665 333 500 1 car 0 0 0.114 0.045 0.904 0.976 
008676 336 500 2 car 0 0 0.25 0.455 0.498 0.708 car 1 1 0.016 0.494 0.046 0.64 
008680 375 500 4 car 1 0 0.67 0.373 1.0 0.957 car 1 0 0.008 0.52 0.356 0.827 car 1 0 0.348 0.552 0.572 0.709 car 1 0 0.55 0.539 0.708 0.661 
008706 333 500 2 car 1 0 0.062 0.417 0.146 0.544 car 1 0 0.002 0.408 0.068 0.517 
008716 333 500 1 car 0 0 0.392 0.279 0.722 0.622 
008727 500 375 1 car 1 0 0.008 0.498 1.0 1.0 
008739 500 333 5 car 0 1 0.447 0.718 0.489 0.75 car 0 1 0.598 0.716 0.643 0.752 car 0 0 0.492 0.728 0.613 0.798 car 1 1 0.688 0.696 0.79 0.738 car 1 0 0.607 0.732 1.0 0.978 
008747 500 375 1 car 1 0 0.853 0.288 1.0 0.38 
008750 375 500 2 car 0 0 0.048 0.216 0.958 0.811 car 1 1 0.002 0.304 0.094 0.549 
008768 500 367 1 car 1 0 0.003 0.248 0.673 0.63 
008784 262 500 11 car 1 1 0.958 0.557 1.0 0.645 car 0 0 0.858 0.531 0.968 0.641 car 0 1 0.824 0.557 0.888 0.641 car 0 1 0.766 0.55 0.818 0.637 car 0 1 0.602 0.534 0.676 0.63 car 0 0 0.4 0.534 0.47 0.649 car 0 0 0.3 0.534 0.388 0.645 car 0 1 0.22 0.538 0.292 0.668 car 0 0 0.088 0.538 0.186 0.656 car 1 1 0.004 0.55 0.08 0.645 car 1 0 0.648 0.5 0.764 0.649 
008793 375 500 2 car 1 1 0.848 0.363 0.908 0.456 car 1 1 0.924 0.309 1.0 0.52 
008794 375 500 1 car 1 0 0.162 0.256 1.0 0.832 
008801 411 500 3 car 1 0 0.802 0.002 1.0 0.214 car 0 0 0.386 0.002 0.78 0.192 car 0 0 0.19 0.034 0.622 0.241 
008826 375 500 1 car 1 0 0.692 0.501 1.0 0.896 
008838 321 500 1 car 0 1 0.72 0.564 0.764 0.623 
008843 333 500 1 car 0 0 0.24 0.318 0.966 0.997 
008848 378 500 3 car 0 0 0.54 0.614 0.838 0.892 car 0 1 0.088 0.743 0.126 0.786 car 0 1 0.022 0.749 0.072 0.796 
008859 333 500 2 car 0 0 0.256 0.3 0.438 0.444 car 0 0 0.208 0.246 0.334 0.363 
008891 333 500 1 car 0 0 0.3 0.306 0.924 0.709 
008892 375 500 7 car 1 0 0.086 0.848 0.32 1.0 car 1 0 0.486 0.848 0.566 0.931 car 0 0 0.562 0.84 0.668 0.933 car 0 0 0.624 0.829 0.816 0.963 car 1 0 0.002 0.808 0.13 1.0 car 1 1 0.596 0.851 1.0 1.0 car 1 0 0.744 0.669 1.0 0.96 
008909 375 500 1 car 0 0 0.044 0.163 0.972 0.821 
008911 375 500 5 car 1 0 0.638 0.056 0.904 0.243 car 1 1 0.352 0.179 0.486 0.344 car 1 0 0.146 0.077 0.494 0.245 car 1 0 0.004 0.131 0.244 0.323 car 0 0 0.09 0.389 0.494 0.72 
008923 209 500 1 car 0 0 0.03 0.148 0.732 0.842 
008929 333 500 2 car 1 0 0.002 0.171 0.882 0.721 car 1 1 0.002 0.081 0.166 0.766 
008939 375 500 1 car 1 0 0.818 0.621 1.0 0.832 
008958 375 500 1 car 0 0 0.1 0.093 1.0 0.957 
008960 327 500 1 car 1 1 0.238 0.483 0.306 0.544 
008966 375 500 1 car 0 1 0.038 0.483 0.096 0.563 
008968 375 500 1 car 0 0 0.172 0.133 0.886 0.885 
008969 375 500 3 car 0 0 0.086 0.293 0.936 1.0 car 1 0 0.836 0.323 1.0 0.488 car 1 1 0.004 0.504 0.146 1.0 
008978 375 500 1 car 0 0 0.424 0.389 0.982 0.955 
009000 375 500 1 car 1 0 0.046 0.003 0.32 0.123 
009006 334 500 4 car 0 1 0.322 0.503 0.382 0.56 car 0 0 0.39 0.5 0.462 0.563 car 0 0 0.526 0.506 0.596 0.563 car 0 0 0.57 0.527 0.686 0.632 
009015 333 500 5 car 1 0 0.002 0.634 0.108 1.0 car 0 0 0.228 0.589 0.306 0.661 car 1 0 0.426 0.607 0.466 0.685 car 0 0 0.144 0.598 0.226 0.664 car 1 1 0.126 0.595 0.15 0.649 
009029 500 333 1 car 0 0 0.147 0.092 0.841 0.294 
009045 375 500 1 car 1 0 0.002 0.219 1.0 1.0 
009053 375 500 1 car 0 0 0.086 0.219 0.836 0.816 
009058 375 500 1 car 1 0 0.002 0.003 0.968 0.765 
009060 333 500 2 car 1 0 0.102 0.201 1.0 1.0 car 1 0 0.004 0.315 0.25 0.673 
009064 375 500 3 car 0 0 0.06 0.189 0.9 0.915 car 1 0 0.908 0.285 1.0 0.547 car 1 0 0.002 0.109 0.31 0.539 
009073 375 500 2 car 1 0 0.178 0.539 0.3 0.736 car 1 0 0.002 0.539 0.194 0.899 
009078 368 500 2 car 0 0 0.228 0.674 0.782 0.918 car 1 0 0.402 0.611 0.508 0.671 
009106 375 500 1 car 1 0 0.002 0.28 0.712 0.907 
009116 375 500 1 car 0 0 0.018 0.459 0.912 0.947 
009121 333 500 8 car 0 0 0.32 0.402 0.608 0.694 car 1 0 0.002 0.33 0.2 0.625 car 0 0 0.092 0.288 0.282 0.517 car 0 0 0.058 0.168 0.22 0.324 car 0 0 0.782 0.171 0.946 0.372 car 0 0 0.324 0.057 0.466 0.207 car 1 0 0.84 0.297 1.0 0.535 car 1 0 0.854 0.444 1.0 0.745 
009163 320 500 2 car 0 0 0.044 0.344 0.352 0.606 car 1 0 0.004 0.35 0.058 0.528 
009174 375 500 4 car 1 0 0.532 0.672 0.98 1.0 car 1 0 0.08 0.672 0.412 0.875 car 1 1 0.002 0.747 0.06 0.883 car 1 1 0.002 0.856 0.918 1.0 
009178 333 500 1 car 1 0 0.004 0.249 1.0 0.973 
009179 375 500 2 car 0 0 0.486 0.819 0.656 0.949 car 0 1 0.002 0.765 0.082 0.84 
009186 375 500 2 car 0 0 0.124 0.568 0.312 0.661 car 1 0 0.002 0.576 0.124 0.656 
009205 334 500 3 car 1 1 0.002 0.027 0.214 0.338 car 0 0 0.002 0.141 0.982 0.751 car 0 0 0.002 0.383 0.622 0.985 
009213 375 500 1 car 0 0 0.616 0.544 0.852 0.765 
009214 375 500 1 car 0 0 0.292 0.595 0.936 1.0 
009254 333 500 3 car 1 0 0.764 0.637 0.846 0.73 car 0 0 0.662 0.637 0.802 0.73 car 1 1 0.928 0.643 1.0 0.718 
009269 496 500 1 car 0 0 0.2 0.337 0.808 0.659 
009282 342 456 1 car 0 0 0.031 0.216 0.945 0.842 
009283 375 500 2 car 1 0 0.406 0.661 0.506 0.795 car 1 0 0.002 0.653 0.214 0.987 
009286 332 500 2 car 1 1 0.682 0.268 1.0 0.554 car 1 0 0.002 0.289 1.0 0.988 
009318 334 500 4 car 0 0 0.744 0.305 0.8 0.368 car 0 0 0.702 0.302 0.752 0.371 car 0 1 0.8 0.305 0.856 0.356 car 1 1 0.03 0.275 0.214 0.506 
009326 333 500 1 car 0 0 0.202 0.327 0.628 0.634 
009336 375 500 2 car 0 0 0.122 0.208 0.792 0.875 car 1 1 0.912 0.389 0.95 0.571 
009350 500 345 1 car 0 0 0.023 0.578 0.974 0.95 
009358 375 500 2 car 0 0 0.854 0.824 1.0 0.941 car 0 0 0.66 0.792 0.802 0.901 
009368 375 500 9 car 0 0 0.332 0.592 0.858 0.851 car 0 0 0.194 0.501 0.642 0.691 car 0 0 0.618 0.44 0.884 0.595 car 0 0 0.412 0.384 0.596 0.488 car 0 0 0.284 0.381 0.454 0.493 car 0 0 0.158 0.389 0.336 0.493 car 1 0 0.02 0.4 0.154 0.477 car 1 1 0.64 0.379 0.822 0.453 car 0 0 0.816 0.355 0.986 0.491 
009392 331 500 6 car 0 0 0.498 0.695 0.588 0.746 car 0 0 0.43 0.674 0.498 0.716 car 0 0 0.346 0.674 0.412 0.716 car 0 0 0.58 0.674 0.628 0.704 car 0 0 0.038 0.677 0.102 0.719 car 1 0 0.002 0.855 0.148 1.0 
009406 283 500 1 car 0 0 0.038 0.071 0.978 0.94 
009409 375 500 1 car 1 0 0.178 0.536 0.402 0.653 
009411 375 500 1 car 0 0 0.124 0.299 0.926 0.893 
009424 375 500 1 car 0 0 0.1 0.275 0.844 0.877 
009434 333 500 1 car 0 0 0.032 0.246 0.964 0.904 
009448 375 500 4 car 0 0 0.568 0.437 0.644 0.496 car 1 0 0.174 0.421 0.302 0.592 car 1 0 0.004 0.435 0.178 0.683 car 1 0 0.908 0.432 1.0 0.645 
009469 375 500 3 car 0 0 0.072 0.299 0.964 0.859 car 1 0 0.002 0.296 0.26 0.501 car 1 1 0.756 0.653 1.0 1.0 
009477 500 332 3 car 1 0 0.599 0.01 1.0 0.15 car 1 0 0.322 0.066 0.633 0.176 car 0 0 0.093 0.078 0.539 0.2 
009507 333 500 4 car 0 0 0.378 0.435 0.49 0.535 car 0 0 0.646 0.447 0.71 0.52 car 0 1 0.762 0.459 0.798 0.492 car 0 1 0.908 0.468 0.944 0.502 
009515 270 360 7 car 1 0 0.006 0.8 0.172 0.926 car 0 0 0.183 0.722 0.375 0.856 car 0 0 0.328 0.637 0.464 0.733 car 1 0 0.319 0.652 0.4 0.733 car 1 1 0.233 0.667 0.356 0.733 car 1 1 0.203 0.685 0.297 0.73 car 1 1 0.158 0.693 0.211 0.748 
009517 500 333 1 car 0 0 0.405 0.222 0.532 0.264 
009532 333 500 1 car 1 0 0.656 0.634 0.844 0.865 
009558 333 500 1 car 0 0 0.198 0.09 0.748 0.655 
009596 331 500 2 car 0 0 0.028 0.124 0.108 0.23 car 0 0 0.236 0.142 0.274 0.193 
009614 375 500 4 car 0 0 0.014 0.392 0.376 0.581 car 1 0 0.634 0.397 0.998 0.576 car 1 0 0.858 0.435 1.0 0.605 car 1 0 0.298 0.416 0.406 0.56 
009620 375 500 1 car 1 0 0.116 0.755 0.238 0.877 
009623 333 500 1 car 0 0 0.298 0.156 0.908 0.697 
009641 500 375 2 car 0 0 0.192 0.686 0.4 0.752 car 0 0 0.512 0.674 0.747 0.76 
009644 332 500 1 car 0 0 0.072 0.235 0.962 0.913 
009671 375 500 3 car 0 0 0.09 0.52 0.406 0.696 car 0 0 0.506 0.549 0.888 0.757 car 0 0 0.384 0.539 0.666 0.68 
009676 375 500 1 car 1 0 0.918 0.389 1.0 0.656 
009699 375 500 4 car 0 0 0.08 0.131 0.876 0.757 car 1 0 0.808 0.136 1.0 0.384 car 1 0 0.002 0.117 0.202 0.403 car 1 0 0.524 0.104 0.822 0.269 
009711 374 500 4 car 0 0 0.074 0.158 0.856 0.84 car 1 0 0.844 0.401 1.0 0.591 car 1 1 0.004 0.406 0.098 0.583 car 1 1 0.002 0.348 0.116 0.468 
009718 375 500 3 car 0 0 0.724 0.84 0.816 0.917 car 1 0 0.324 0.899 0.48 0.992 car 1 1 0.978 0.883 1.0 0.944 
009729 333 500 1 car 0 0 0.208 0.183 0.746 0.778 
009733 333 500 1 car 0 0 0.15 0.012 0.958 0.958 
009737 332 500 1 car 1 1 0.794 0.003 1.0 0.253 
009745 375 500 2 car 0 0 0.694 0.491 0.862 0.611 car 0 0 0.196 0.512 0.428 0.712 
009762 375 500 1 car 1 1 0.002 0.475 0.042 0.52 
009774 400 500 3 car 0 0 0.054 0.01 0.956 0.975 car 1 0 0.746 0.128 0.916 0.292 car 1 0 0.906 0.163 1.0 0.29 
009776 375 500 1 car 1 0 0.002 0.285 0.3 0.632 
009785 333 500 1 car 0 0 0.15 0.189 0.788 0.961 
009801 375 500 4 car 0 0 0.336 0.557 0.558 0.664 car 1 0 0.002 0.587 0.066 0.651 car 1 1 0.292 0.56 0.374 0.624 car 0 0 0.736 0.581 0.808 0.621 
009810 333 500 1 car 0 0 0.046 0.183 0.936 0.778 
009822 375 500 3 car 0 0 0.294 0.453 0.368 0.52 car 0 0 0.226 0.453 0.3 0.541 car 1 0 0.744 0.523 1.0 0.864 
009830 375 500 1 car 0 0 0.086 0.048 0.802 0.84 
009834 333 500 1 car 0 0 0.176 0.225 0.898 0.841 
009839 341 500 2 car 0 0 0.32 0.466 0.738 0.818 car 1 1 0.844 0.446 0.938 0.607 
009845 375 500 2 car 1 0 0.946 0.552 1.0 0.656 car 0 0 0.808 0.544 0.95 0.643 
009848 360 480 1 car 0 0 0.779 0.003 0.994 0.081 
009862 500 375 1 car 1 0 0.005 0.218 1.0 1.0 
009863 375 500 2 car 0 0 0.398 0.296 0.79 0.509 car 0 0 0.074 0.437 0.802 0.888 
009879 375 500 3 car 1 0 0.306 0.491 0.568 0.616 car 1 0 0.924 0.44 1.0 0.651 car 0 0 0.796 0.437 0.996 0.605 
009898 333 500 1 car 1 0 0.006 0.009 0.996 0.994 
009900 500 375 1 car 1 0 0.096 0.08 1.0 1.0 
009904 500 375 1 car 0 0 0.192 0.686 0.427 0.778 
009913 375 500 1 car 0 0 0.08 0.219 0.894 0.696 
009920 500 334 2 car 0 0 0.027 0.426 0.961 0.838 car 1 1 0.117 0.396 0.431 0.456 
009932 500 375 1 car 0 0 0.181 0.648 0.757 0.996 
009938 375 500 1 car 1 0 0.484 0.003 0.65 0.139 
009959 375 500 1 car 0 0 0.384 0.379 0.66 0.499 
